# a Fx[N] Fy[N] Fz[N] Nx[Nm] Ny[Nm] Nz[Nm]
2 -1.82664e-15 5.50465e-29 1.04407e-13 4.17275e-36 3.45682e-23 6.68663e-37
2.0005 -2.83042e-15 5.80294e-29 1.03695e-13 6.02605e-36 3.42846e-23 -4.65522e-36
2.001 -3.82563e-15 4.57169e-29 1.03013e-13 -7.65788e-36 3.4021e-23 9.81298e-37
2.0015 -4.8141e-15 3.68982e-29 1.02361e-13 -1.84015e-36 3.37784e-23 -4.37475e-36
2.002 -5.79787e-15 5.07799e-29 1.01742e-13 -7.15673e-37 3.35588e-23 -1.26472e-35
2.0025 -6.77921e-15 2.93292e-29 1.01157e-13 -1.4421e-35 3.33645e-23 3.47912e-37
2.003 -7.76067e-15 4.48338e-29 1.00612e-13 2.13359e-37 3.31991e-23 -7.97817e-36
2.0035 -8.74508e-15 3.89331e-29 1.0011e-13 9.96033e-36 3.30675e-23 -9.72413e-36
2.004 -9.73557e-15 4.22985e-29 9.96608e-14 -2.87742e-36 3.29769e-23 1.36786e-36
2.0045 -1.07354e-14 3.37557e-29 9.92746e-14 1.17077e-36 3.29373e-23 4.17775e-36
2.005 -1.17476e-14 3.50174e-29 9.89681e-14 -9.45387e-36 3.29634e-23 4.39443e-36
2.0055 -1.27742e-14 4.24592e-29 9.87652e-14 3.4279e-36 3.3076e-23 -5.47089e-36
2.006 -1.38138e-14 4.43849e-29 9.87004e-14 -3.95018e-36 3.33056e-23 2.35629e-38
2.0065 -1.48573e-14 4.17903e-29 9.88234e-14 4.33716e-36 3.36956e-23 4.85905e-37
2.007 -1.58775e-14 4.17242e-29 9.92017e-14 1.20461e-36 3.43043e-23 -5.85382e-36
2.0075 -1.68101e-14 3.43596e-29 9.99138e-14 2.61657e-36 3.51988e-23 -5.60485e-36
2.008 -1.75228e-14 4.3186e-29 1.01008e-13 2.74327e-36 3.64175e-23 -1.76085e-36
2.0085 -1.77958e-14 2.85781e-29 1.02381e-13 4.24666e-37 3.78637e-23 4.05656e-36
2.009 -1.74087e-14 2.968e-29 1.03582e-13 -9.12498e-37 3.91354e-23 -1.60873e-35
2.0095 -1.64287e-14 3.13412e-29 1.03844e-13 5.26833e-36 3.95635e-23 -3.4275e-36
2.01 -1.53838e-14 3.65809e-29 1.02746e-13 1.23895e-37 3.87942e-23 -3.40924e-36
2.0105 -1.48248e-14 2.01983e-29 1.00723e-13 2.37679e-36 3.72245e-23 -9.66713e-38
2.011 -1.48726e-14 3.73793e-29 9.8517e-14 -8.7993e-37 3.55089e-23 -8.80125e-37
2.0115 -1.53528e-14 3.15719e-29 9.65597e-14 4.10426e-36 3.40197e-23 -1.15848e-36
2.012 -1.60668e-14 2.37496e-29 9.49534e-14 -6.00981e-38 3.28412e-23 9.9714e-37
2.0125 -1.68847e-14 2.51357e-29 9.36581e-14 -1.84569e-36 3.19345e-23 -7.52279e-38
2.013 -1.77373e-14 2.98511e-29 9.26031e-14 6.92285e-36 3.12357e-23 -7.59292e-36
2.0135 -1.85915e-14 3.07711e-29 9.17261e-14 -6.44941e-36 3.06893e-23 -7.4435e-36
2.014 -1.94326e-14 1.96074e-29 9.098e-14 -3.21942e-36 3.02537e-23 -3.74031e-37
2.0145 -2.02551e-14 2.61584e-29 9.03316e-14 7.71687e-36 2.98995e-23 -2.5233e-36
2.015 -2.10576e-14 2.0146e-29 8.97573e-14 3.30422e-36 2.96062e-23 4.20932e-36
2.0155 -2.1841e-14 3.48992e-29 8.92405e-14 -1.91469e-36 2.93592e-23 -7.82569e-36
2.016 -2.26065e-14 4.22068e-29 8.87695e-14 -1.52592e-36 2.91483e-23 -3.26651e-36
2.0165 -2.33558e-14 3.78667e-29 8.83358e-14 8.96487e-36 2.89661e-23 -9.62741e-36
2.017 -2.40907e-14 3.55683e-29 8.79332e-14 1.26133e-35 2.88073e-23 3.08793e-37
2.0175 -2.48127e-14 3.81075e-29 8.75569e-14 -2.46796e-36 2.86678e-23 1.55955e-36
2.018 -2.55232e-14 2.78609e-29 8.72036e-14 -7.47552e-36 2.85447e-23 4.99959e-36
2.0185 -2.62235e-14 2.87376e-29 8.68705e-14 -5.58886e-36 2.84357e-23 -5.09195e-37
2.019 -2.69147e-14 2.72316e-29 8.65557e-14 5.61928e-36 2.83389e-23 -9.077e-36
2.0195 -2.75979e-14 3.70728e-29 8.62574e-14 6.208e-36 2.82531e-23 -9.97433e-36
2.02 -2.82738e-14 3.68968e-29 8.59745e-14 3.86626e-36 2.81771e-23 3.63037e-37
2.0205 -2.89434e-14 4.06789e-29 8.57059e-14 -3.25107e-36 2.81102e-23 -4.79311e-36
2.021 -2.96074e-14 2.96356e-29 8.54508e-14 -3.13657e-36 2.80516e-23 -9.7787e-37
2.0215 -3.02663e-14 3.88267e-29 8.52085e-14 7.89472e-36 2.80008e-23 -8.65235e-36
2.022 -3.09208e-14 4.13092e-29 8.49785e-14 6.94492e-36 2.79573e-23 -3.91623e-36
2.0225 -3.15714e-14 3.73909e-29 8.47605e-14 3.63345e-36 2.79209e-23 4.0874e-36
2.023 -3.22186e-14 3.80233e-29 8.45539e-14 -1.29186e-36 2.78911e-23 -3.11569e-36
2.0235 -3.28629e-14 2.97649e-29 8.43587e-14 3.54457e-36 2.78679e-23 -3.73352e-36
2.024 -3.35047e-14 2.64913e-29 8.41744e-14 -1.41836e-35 2.7851e-23 -8.32571e-38
2.0245 -3.41444e-14 2.95364e-29 8.4001e-14 5.9278e-36 2.78402e-23 1.87012e-36
2.025 -3.47823e-14 3.19932e-29 8.38384e-14 -2.62211e-36 2.78355e-23 1.48124e-36
2.0255 -3.54188e-14 2.32996e-29 8.36863e-14 4.66496e-36 2.78368e-23 6.32735e-36
2.026 -3.60543e-14 3.20985e-29 8.35448e-14 -4.06915e-36 2.78441e-23 -4.0924e-36
2.0265 -3.6689e-14 4.17678e-29 8.34138e-14 4.57482e-36 2.78573e-23 -8.80585e-37
2.027 -3.73232e-14 3.56657e-29 8.32932e-14 -5.55382e-37 2.78763e-23 -4.64262e-36
2.0275 -3.79573e-14 3.65567e-29 8.31831e-14 -6.67571e-36 2.79014e-23 -9.54845e-36
2.028 -3.85915e-14 3.8899e-29 8.30836e-14 8.4571e-36 2.79323e-23 -4.48737e-36
2.0285 -3.9226e-14 3.2419e-29 8.29945e-14 -2.30451e-36 2.79693e-23 -6.09258e-36
2.029 -3.98612e-14 3.09305e-29 8.2916e-14 -1.01711e-36 2.80124e-23 -2.2258e-36
2.0295 -4.04973e-14 3.39855e-29 8.28482e-14 2.4047e-36 2.80615e-23 3.68273e-36
2.03 -4.11345e-14 3.81632e-29 8.27912e-14 -3.37311e-36 2.8117e-23 -9.37407e-36
2.0305 -4.1773e-14 3.25819e-29 8.2745e-14 3.61693e-36 2.81787e-23 -7.49248e-37
2.031 -4.24132e-14 2.65126e-29 8.27098e-14 -1.74604e-36 2.82469e-23 -1.50368e-35
2.0315 -4.30551e-14 3.3529e-29 8.26858e-14 -4.84268e-36 2.83218e-23 -5.11421e-36
2.032 -4.36992e-14 3.29235e-29 8.2673e-14 6.64577e-36 2.84033e-23 -2.09256e-36
2.0325 -4.43455e-14 2.4005e-29 8.26716e-14 1.11106e-35 2.84918e-23 2.19935e-36
2.033 -4.49942e-14 3.64863e-29 8.2682e-14 9.09798e-36 2.85873e-23 8.20219e-38
2.0335 -4.56457e-14 4.48903e-29 8.27041e-14 -3.03762e-36 2.86901e-23 -1.00544e-35
2.034 -4.63e-14 3.32281e-29 8.27384e-14 -5.69371e-36 2.88005e-23 7.2708e-37
2.0345 -4.69575e-14 4.08871e-29 8.27849e-14 -2.82561e-36 2.89185e-23 -2.15128e-36
2.035 -4.76183e-14 4.51871e-29 8.28441e-14 -4.00907e-36 2.90445e-23 6.47065e-36
2.0355 -4.82826e-14 2.76002e-29 8.2916e-14 -8.14677e-38 2.91786e-23 2.05647e-36
2.036 -4.89507e-14 4.33871e-29 8.30012e-14 -2.06572e-36 2.93213e-23 4.97244e-36
2.0365 -4.96227e-14 2.43941e-29 8.30998e-14 -3.18945e-37 2.94728e-23 -3.52205e-36
2.037 -5.02988e-14 3.14295e-29 8.32122e-14 -2.73219e-36 2.96334e-23 7.05231e-36
2.0375 -5.09792e-14 4.99423e-29 8.33388e-14 -2.31148e-36 2.98035e-23 -1.13597e-35
2.038 -5.16642e-14 2.89177e-29 8.34801e-14 2.72526e-36 2.99834e-23 4.00327e-36
2.0385 -5.23539e-14 4.10998e-29 8.36363e-14 -7.64562e-36 3.01735e-23 6.7974e-36
2.039 -5.30486e-14 3.15433e-29 8.38079e-14 9.03261e-36 3.03743e-23 6.83786e-36
2.0395 -5.37484e-14 3.43956e-29 8.39955e-14 -7.10138e-36 3.05862e-23 -1.44206e-36
2.04 -5.44536e-14 3.62421e-29 8.41996e-14 1.39463e-36 3.08097e-23 6.58877e-36
2.0405 -5.51643e-14 2.80665e-29 8.44206e-14 9.18795e-36 3.10452e-23 -4.81534e-36
2.041 -5.58808e-14 3.67591e-29 8.46593e-14 1.51586e-36 3.12935e-23 9.32568e-36
2.0415 -5.66033e-14 3.90688e-29 8.49161e-14 -6.26372e-37 3.15549e-23 1.10957e-36
2.042 -5.73319e-14 2.91274e-29 8.51919e-14 2.75343e-36 3.18303e-23 5.32812e-37
2.0425 -5.8067e-14 4.25623e-29 8.54872e-14 4.97397e-36 3.21201e-23 -4.86985e-36
2.043 -5.88086e-14 3.02668e-29 8.5803e-14 -8.0263e-36 3.24253e-23 6.85955e-36
2.0435 -5.95571e-14 4.06335e-29 8.61399e-14 4.83878e-36 3.27465e-23 3.72467e-36
2.044 -6.03126e-14 4.89309e-29 8.64989e-14 -1.11736e-36 3.30846e-23 -2.28093e-36
2.0445 -6.10755e-14 3.77721e-29 8.6881e-14 -5.46939e-37 3.34405e-23 5.94721e-36
2.045 -6.18458e-14 3.14721e-29 8.72871e-14 -1.09516e-35 3.38151e-23 -1.11022e-35
2.0455 -6.2624e-14 3.58544e-29 8.77183e-14 1.13532e-35 3.42095e-23 -4.09012e-36
2.046 -6.34101e-14 3.51911e-29 8.81759e-14 -7.6309e-36 3.46248e-23 -2.44946e-37
2.0465 -6.42045e-14 4.15177e-29 8.86611e-14 9.86095e-37 3.50622e-23 2.73524e-36
2.047 -6.50074e-14 3.45772e-29 8.91752e-14 -3.01733e-36 3.5523e-23 1.77209e-36
2.0475 -6.58192e-14 2.49109e-29 8.97198e-14 4.80726e-36 3.60085e-23 8.7321e-36
2.048 -6.664e-14 4.77401e-29 9.02964e-14 7.78809e-36 3.65204e-23 -1.02732e-35
2.0485 -6.74703e-14 3.10381e-29 9.09068e-14 -3.20245e-36 3.70601e-23 1.56341e-36
2.049 -6.83102e-14 3.13131e-29 9.15528e-14 -6.78553e-36 3.76295e-23 4.35135e-36
2.0495 -6.91602e-14 3.415e-29 9.22364e-14 -2.16754e-36 3.82305e-23 -4.23408e-37
2.05 -7.00206e-14 3.93925e-29 9.29599e-14 -2.7939e-36 3.88652e-23 -5.25125e-36
2.0505 -7.08918e-14 2.49689e-29 9.37256e-14 -3.50018e-36 3.95358e-23 -1.18099e-36
2.051 -7.17741e-14 5.29922e-29 9.45361e-14 -3.17426e-36 4.02448e-23 -1.84513e-36
2.0515 -7.26681e-14 2.93255e-29 9.53942e-14 -3.50051e-36 4.09948e-23 4.01614e-36
2.052 -7.3574e-14 5.07023e-29 9.63031e-14 -8.87847e-37 4.17887e-23 2.50762e-36
2.0525 -7.44925e-14 4.41518e-29 9.72661e-14 -4.18243e-37 4.26297e-23 -3.31469e-36
2.053 -7.54241e-14 3.46995e-29 9.82868e-14 7.50449e-36 4.35213e-23 -3.00927e-36
2.0535 -7.63692e-14 3.17274e-29 9.93694e-14 -9.17082e-36 4.44673e-23 2.8199e-36
2.054 -7.73286e-14 2.85837e-29 1.00518e-13 -1.11837e-35 4.54718e-23 7.20231e-36
2.0545 -7.83029e-14 3.10086e-29 1.01738e-13 -1.61681e-36 4.65395e-23 -2.90226e-36
2.055 -7.92929e-14 3.93112e-29 1.03034e-13 1.38665e-35 4.76753e-23 1.0945e-35
2.0555 -8.02993e-14 3.64294e-29 1.04413e-13 1.05206e-35 4.88849e-23 1.43453e-36
2.056 -8.1323e-14 5.18635e-29 1.0588e-13 -1.57576e-35 5.01743e-23 3.18399e-36
2.0565 -8.23651e-14 3.20035e-29 1.07444e-13 -2.16525e-36 5.15504e-23 2.60611e-36
2.057 -8.34265e-14 3.74942e-29 1.09112e-13 -5.17386e-37 5.30207e-23 4.01756e-36
2.0575 -8.45084e-14 4.21384e-29 1.10892e-13 -6.53435e-37 5.45935e-23 1.36234e-35
2.058 -8.56122e-14 2.53192e-29 1.12796e-13 -1.38562e-35 5.62781e-23 6.12752e-38
2.0585 -8.67393e-14 4.97103e-29 1.14833e-13 -5.13168e-36 5.80848e-23 -1.73953e-36
2.059 -8.78914e-14 3.96668e-29 1.17016e-13 1.02927e-35 6.00254e-23 2.15451e-36
2.0595 -8.90701e-14 4.72643e-29 1.1936e-13 -4.77232e-36 6.21127e-23 -4.18236e-36
2.06 -9.02775e-14 3.71771e-29 1.21878e-13 1.60441e-36 6.43613e-23 -1.74629e-36
2.0605 -9.15158e-14 5.39947e-29 1.2459e-13 -1.72235e-36 6.67877e-23 9.01884e-36
2.061 -9.27875e-14 3.14507e-29 1.27514e-13 -4.49069e-36 6.94102e-23 1.298e-37
2.0615 -9.40955e-14 5.00294e-29 1.30672e-13 1.40856e-37 7.225e-23 7.15245e-36
2.062 -9.54427e-14 2.7874e-29 1.3409e-13 -1.43452e-35 7.53308e-23 -5.02073e-36
2.0625 -9.68328e-14 4.02013e-29 1.37797e-13 -5.52843e-36 7.86795e-23 -1.39053e-35
2.063 -9.82696e-14 5.64363e-29 1.41824e-13 -3.86076e-36 8.23273e-23 1.07144e-36
2.0635 -9.97577e-14 3.73472e-29 1.4621e-13 2.01456e-36 8.63093e-23 2.2221e-37
2.064 -1.01302e-13 4.72303e-29 1.50997e-13 2.78118e-36 9.06664e-23 8.20245e-36
2.0645 -1.02909e-13 5.8083e-29 1.56235e-13 -1.576e-36 9.54453e-23 4.28133e-36
2.065 -1.04583e-13 4.73558e-29 1.6198e-13 9.12042e-36 1.007e-22 8.01579e-36
2.0655 -1.06334e-13 6.81421e-29 1.68298e-13 -1.07266e-35 1.06495e-22 3.12256e-36
2.066 -1.08169e-13 4.92764e-29 1.75268e-13 -2.56733e-35 1.12902e-22 4.36053e-36
2.0665 -1.10098e-13 5.21366e-29 1.82978e-13 -5.02788e-36 1.20008e-22 4.82329e-36
2.067 -1.12131e-13 5.08671e-29 1.91535e-13 -2.41836e-35 1.27915e-22 -3.34415e-36
2.0675 -1.14282e-13 5.39559e-29 2.01063e-13 3.14444e-35 1.36742e-22 3.59392e-36
2.068 -1.16565e-13 6.84133e-29 2.1171e-13 1.83049e-35 1.46631e-22 -2.35696e-36
2.0685 -1.18997e-13 6.22736e-29 2.23653e-13 3.59659e-36 1.57753e-22 1.01104e-35
2.069 -1.21596e-13 7.07403e-29 2.37102e-13 2.08176e-35 1.7031e-22 2.81104e-36
2.0695 -1.24386e-13 1.55814e-29 2.52309e-13 1.08019e-35 1.84547e-22 -1.4557e-36
2.07 -1.27393e-13 5.09159e-29 2.69581e-13 4.6519e-36 2.00761e-22 6.80357e-36
2.0705 -1.30646e-13 5.32451e-29 2.89289e-13 -8.39741e-36 2.19313e-22 -4.00255e-36
2.071 -1.3418e-13 7.86363e-29 3.11885e-13 1.44704e-36 2.40645e-22 4.48097e-36
2.0715 -1.38037e-13 5.53778e-29 3.37925e-13 1.53496e-35 2.65299e-22 -1.35946e-36
2.072 -1.42262e-13 8.47531e-29 3.68092e-13 1.99238e-35 2.93945e-22 3.03596e-35
2.0725 -1.46909e-13 8.65096e-29 4.03228e-13 -2.47067e-35 3.27411e-22 1.42779e-35
2.073 -1.52039e-13 3.77461e-29 4.44372e-13 -2.45375e-35 3.66724e-22 -5.54271e-36
2.0735 -1.57716e-13 5.43447e-29 4.92808e-13 6.36967e-36 4.13156e-22 3.60332e-35
2.074 -1.6401e-13 5.19672e-29 5.5011e-13 -1.54084e-35 4.68274e-22 -3.21256e-35
2.0745 -1.70986e-13 9.98303e-29 6.18186e-13 -2.53528e-36 5.33989e-22 -2.90145e-35
2.075 -1.78693e-13 1.04407e-28 6.99296e-13 6.8933e-36 6.12583e-22 -2.71823e-35
2.0755 -1.87144e-13 3.68017e-29 7.96e-13 -3.63596e-35 7.06665e-22 1.40749e-35
2.076 -1.96271e-13 1.02554e-28 9.10957e-13 -5.52692e-35 8.19e-22 -1.52184e-35
2.0765 -2.05863e-13 4.88856e-30 1.04644e-12 -6.84296e-35 9.52036e-22 -1.62812e-35
2.077 -2.15467e-13 -2.01413e-29 1.20329e-12 -2.89209e-35 1.10693e-21 5.5638e-36
2.0775 -2.24264e-13 3.34894e-29 1.37922e-12 -3.22659e-35 1.28183e-21 -7.62547e-36
2.078 -2.30966e-13 8.45237e-29 1.56616e-12 -2.47132e-35 1.46929e-21 1.46009e-35
2.0785 -2.33843e-13 1.0298e-30 1.74775e-12 -1.86183e-36 1.65364e-21 -2.94168e-35
2.079 -2.31074e-13 -1.23983e-28 1.89891e-12 1.05773e-35 1.81036e-21 -1.41428e-35
2.0795 -2.21478e-13 -4.94279e-29 1.99093e-12 -1.10404e-35 1.91081e-21 5.18789e-35
2.08 -2.05354e-13 -6.8511e-29 2.0025e-12 2.03022e-36 1.933e-21 7.11692e-35
2.0805 -1.84713e-13 3.06497e-30 1.93062e-12 6.12493e-37 1.87262e-21 6.17053e-35
2.081 -1.62526e-13 -1.6778e-28 1.79235e-12 -6.75829e-35 1.7453e-21 -3.59192e-35
2.0815 -1.4152e-13 -7.91981e-29 1.61566e-12 -5.09522e-35 1.57794e-21 4.66903e-35
2.082 -1.23395e-13 -1.02981e-28 1.42747e-12 -1.76304e-36 1.39703e-21 2.2018e-35
2.0825 -1.0876e-13 -5.67437e-29 1.24675e-12 -7.1395e-35 1.22161e-21 4.30391e-35
2.083 -9.74835e-14 -1.03736e-28 1.08366e-12 3.95903e-35 1.06214e-21 -7.03447e-36
2.0835 -8.9084e-14 -1.32671e-28 9.41828e-13 7.97342e-36 9.2264e-22 2.98546e-35
2.084 -8.29926e-14 -6.59481e-29 8.21042e-13 4.97201e-35 8.03234e-22 -1.91126e-35
2.0845 -7.86843e-14 -2.01338e-29 7.19279e-13 4.32685e-35 7.02182e-22 -3.5528e-35
2.085 -7.57246e-14 9.28614e-30 6.33903e-13 3.67648e-35 6.17058e-22 -1.75618e-35
2.0855 -7.37731e-14 -5.0195e-30 5.62284e-13 2.12815e-35 5.4538e-22 1.43823e-36
2.086 -7.25713e-14 2.49654e-29 5.02059e-13 -1.99663e-35 4.84891e-22 9.35668e-36
2.0865 -7.19258e-14 5.06921e-28 4.51213e-13 3.65111e-35 4.33652e-22 4.00884e-37
2.087 -7.1693e-14 -7.42617e-28 4.08078e-13 7.87192e-36 3.90044e-22 -4.46049e-36
2.0875 -7.17666e-14 -1.97973e-28 3.71291e-13 1.72699e-36 3.52739e-22 4.79494e-36
2.088 -7.20677e-14 -1.99399e-28 3.39747e-13 -3.46554e-36 3.20656e-22 -2.31462e-36
2.0885 -7.25379e-14 -8.90544e-29 3.12551e-13 4.57941e-35 2.92914e-22 1.95446e-36
2.089 -7.31336e-14 -6.96076e-29 2.88978e-13 -1.58783e-35 2.688e-22 -8.50462e-36
2.0895 -7.38221e-14 -3.76757e-29 2.6844e-13 7.19563e-36 2.47733e-22 -1.1015e-35
2.09 -7.45791e-14 -5.37896e-29 2.50458e-13 5.55176e-36 2.29237e-22 1.92539e-36
2.0905 -7.53861e-14 -7.35773e-29 2.34639e-13 2.63557e-35 2.12923e-22 1.00957e-35
2.091 -7.62295e-14 -7.10646e-29 2.20662e-13 -1.69975e-35 1.98469e-22 2.33674e-35
2.0915 -7.70987e-14 -4.44003e-29 2.08259e-13 1.7751e-35 1.85609e-22 -7.86584e-36
2.092 -7.7986e-14 -3.92792e-29 1.97209e-13 5.95434e-37 1.74121e-22 1.28417e-35
2.0925 -7.88854e-14 -5.83448e-29 1.87328e-13 1.79758e-35 1.63821e-22 -9.04307e-36
2.093 -7.97924e-14 -4.73828e-29 1.7846e-13 1.29614e-36 1.54552e-22 -4.91363e-36
2.0935 -8.07038e-14 -4.18096e-29 1.70476e-13 8.50488e-36 1.46184e-22 -2.67556e-36
2.094 -8.16171e-14 -6.58815e-29 1.63264e-13 -8.68499e-36 1.38604e-22 -8.13435e-36
2.0945 -8.25306e-14 -3.56982e-29 1.5673e-13 3.25656e-36 1.31718e-22 -6.15194e-37
2.095 -8.3443e-14 -3.1798e-29 1.50795e-13 -1.24355e-35 1.25444e-22 -2.43119e-36
2.0955 -8.43534e-14 -1.79589e-29 1.45389e-13 1.42089e-35 1.19712e-22 -1.16146e-35
2.096 -8.52613e-14 -3.65145e-29 1.40453e-13 8.38877e-36 1.14463e-22 1.09028e-35
2.0965 -8.61663e-14 -4.11092e-29 1.35936e-13 5.75266e-36 1.09643e-22 1.24681e-36
2.097 -8.70681e-14 -1.31808e-30 1.31793e-13 -1.0953e-35 1.05208e-22 4.94255e-36
2.0975 -8.79669e-14 -4.93262e-29 1.27986e-13 -1.89937e-36 1.01118e-22 7.59837e-36
2.098 -8.88627e-14 -7.42321e-30 1.2448e-13 6.24897e-36 9.7339e-23 -4.85013e-36
2.0985 -8.97556e-14 -3.04571e-29 1.21247e-13 2.35392e-36 9.38394e-23 2.73784e-36
2.099 -9.06458e-14 -1.60034e-29 1.1826e-13 -1.99378e-37 9.05931e-23 -8.04088e-36
2.0995 -9.15336e-14 -1.8212e-29 1.15495e-13 9.8915e-36 8.75762e-23 8.73518e-36
2.1 -9.24192e-14 1.73676e-30 1.12934e-13 1.69736e-35 8.47679e-23 -6.7696e-36
2.1005 -9.3303e-14 -3.13458e-29 1.10556e-13 4.33935e-36 8.21497e-23 -6.87425e-36
2.101 -9.41853e-14 -5.37145e-30 1.08348e-13 -2.75247e-36 7.97048e-23 5.64123e-36
2.1015 -9.50663e-14 -1.02475e-29 1.06294e-13 4.43071e-36 7.74185e-23 -2.78064e-36
2.102 -9.59464e-14 -2.4045e-29 1.04381e-13 1.29355e-35 7.52776e-23 -4.2456e-36
2.1025 -9.68259e-14 -1.47781e-29 1.02599e-13 1.78586e-35 7.32703e-23 -3.19186e-36
2.103 -9.77052e-14 -1.66027e-29 1.00937e-13 -2.23827e-37 7.13858e-23 -6.25087e-36
2.1035 -9.85845e-14 6.18569e-30 9.93847e-14 2.66007e-36 6.96145e-23 -1.65149e-36
2.104 -9.94641e-14 -1.14309e-29 9.79353e-14 -7.11863e-36 6.79479e-23 -3.50341e-36
2.1045 -1.00344e-13 -1.55858e-29 9.65806e-14 5.11523e-36 6.6378e-23 4.58338e-36
2.105 -1.01226e-13 -9.54545e-30 9.53141e-14 9.00434e-36 6.48977e-23 4.47393e-36
2.1055 -1.02108e-13 2.6016e-30 9.41295e-14 9.89496e-36 6.35007e-23 6.32396e-37
2.106 -1.02992e-13 -1.60846e-29 9.30212e-14 -4.53067e-36 6.21811e-23 -6.75071e-37
2.1065 -1.03878e-13 -1.30857e-29 9.19842e-14 9.18986e-36 6.09335e-23 2.30176e-36
2.107 -1.04766e-13 -2.59818e-29 9.10139e-14 7.02283e-36 5.97532e-23 2.73028e-37
2.1075 -1.05656e-13 -1.20277e-29 9.01061e-14 -2.21057e-36 5.86356e-23 -1.59188e-36
2.108 -1.06549e-13 -1.36451e-29 8.92569e-14 5.83974e-36 5.75769e-23 -2.12175e-36
2.1085 -1.07444e-13 -1.68676e-29 8.84629e-14 -7.80085e-36 5.65732e-23 4.19687e-36
2.109 -1.08343e-13 -2.13522e-29 8.77208e-14 -5.13946e-40 5.56213e-23 3.81991e-36
2.1095 -1.09245e-13 -5.94305e-30 8.70278e-14 1.58704e-35 5.47181e-23 -2.88355e-36
2.11 -1.1015e-13 -1.32002e-29 8.63812e-14 -8.15587e-36 5.38608e-23 4.09164e-36
2.1105 -1.11059e-13 -1.2821e-29 8.57785e-14 5.73715e-37 5.30468e-23 -3.13518e-36
2.111 -1.11973e-13 -1.37646e-29 8.52176e-14 -8.20668e-36 5.22739e-23 2.57463e-36
2.1115 -1.1289e-13 9.65127e-30 8.46964e-14 5.03056e-36 5.15399e-23 2.63328e-36
2.112 -1.13812e-13 -7.55712e-30 8.4213e-14 2.28627e-36 5.08429e-23 -1.02074e-36
2.1125 -1.14739e-13 -3.89012e-30 8.37658e-14 -7.17297e-37 5.01813e-23 1.63119e-36
2.113 -1.15671e-13 -2.08505e-29 8.33534e-14 4.35309e-36 4.95536e-23 -1.07252e-36
2.1135 -1.16608e-13 -7.8053e-30 8.29743e-14 -3.87765e-37 4.89585e-23 -2.24218e-36
2.114 -1.17551e-13 -5.44167e-30 8.26275e-14 9.37335e-36 4.83949e-23 2.69391e-36
2.1145 -1.185e-13 -1.98873e-29 8.23119e-14 -7.09244e-36 4.78619e-23 7.83606e-36
2.115 -1.19455e-13 -7.10565e-30 8.20266e-14 -7.01782e-37 4.73589e-23 -2.6714e-36
2.1155 -1.20416e-13 5.43421e-30 8.1771e-14 6.76822e-36 4.68855e-23 3.20972e-36
2.116 -1.21385e-13 -9.06476e-30 8.15447e-14 7.4934e-37 4.64416e-23 -5.7118e-36
2.1165 -1.22362e-13 5.74042e-30 8.13474e-14 5.25092e-36 4.60275e-23 -1.2207e-36
2.117 -1.23346e-13 -4.63204e-30 8.11792e-14 3.24683e-36 4.5644e-23 -4.2719e-36
2.1175 -1.2434e-13 8.07424e-30 8.10404e-14 -6.17207e-36 4.52922e-23 -4.30115e-36
2.118 -1.25343e-13 -4.52825e-30 8.09319e-14 -1.59231e-36 4.49742e-23 -4.38178e-36
2.1185 -1.26356e-13 -5.76889e-30 8.0855e-14 3.8395e-36 4.4693e-23 3.70956e-36
2.119 -1.27381e-13 -1.9233e-30 8.08118e-14 7.67798e-36 4.44528e-23 5.44428e-36
2.1195 -1.28419e-13 5.95843e-30 8.08055e-14 1.12324e-35 4.42598e-23 -6.07791e-36
2.12 -1.29472e-13 1.40251e-29 8.08406e-14 -6.08363e-37 4.41226e-23 -2.69422e-36
2.1205 -1.30542e-13 1.28104e-29 8.09239e-14 2.79402e-37 4.40539e-23 -1.91343e-36
2.121 -1.31631e-13 1.49849e-29 8.10653e-14 -3.84067e-36 4.40719e-23 -4.56625e-36
2.1215 -1.32743e-13 -1.79568e-30 8.12797e-14 3.19036e-36 4.42041e-23 -2.33624e-36
2.122 -1.33883e-13 6.04512e-31 8.15897e-14 -2.69637e-36 4.44917e-23 1.19813e-36
2.1225 -1.35057e-13 1.48832e-29 8.20308e-14 9.98093e-36 4.49994e-23 6.18636e-36
2.123 -1.3627e-13 2.87753e-30 8.26598e-14 2.73773e-36 4.58307e-23 -3.83747e-36
2.1235 -1.37531e-13 2.25156e-30 8.35702e-14 -3.89583e-36 4.71557e-23 -2.3681e-36
2.124 -1.38842e-13 2.33619e-29 8.49178e-14 -8.79149e-36 4.92575e-23 -4.08278e-36
2.1245 -1.40189e-13 2.32572e-29 8.69557e-14 5.13513e-36 5.25968e-23 2.42057e-36
2.125 -1.41495e-13 2.24581e-29 9.00381e-14 6.61635e-36 5.78177e-23 -2.94404e-36
2.1255 -1.42524e-13 1.04952e-29 9.43581e-14 3.6244e-36 6.52731e-23 1.0854e-36
2.126 -1.42818e-13 -1.82456e-30 9.88441e-14 6.67024e-36 7.30186e-23 7.88249e-36
2.1265 -1.42244e-13 -2.41875e-29 1.00255e-13 -7.79371e-36 7.51641e-23 -2.64549e-36
2.127 -1.41715e-13 -1.8562e-29 9.72601e-14 4.66031e-36 6.92861e-23 7.74262e-36
2.1275 -1.41963e-13 -3.12101e-29 9.29002e-14 -5.75202e-36 6.09044e-23 -5.22751e-36
2.128 -1.42813e-13 -2.71046e-29 8.94537e-14 -8.08055e-37 5.41621e-23 -2.56007e-36
2.1285 -1.43934e-13 -2.23768e-29 8.71865e-14 2.88717e-36 4.95448e-23 -3.85166e-36
2.129 -1.45148e-13 -3.58957e-29 8.57715e-14 -4.8544e-36 4.64591e-23 -2.51949e-36
2.1295 -1.46386e-13 -2.74492e-29 8.49041e-14 -4.31851e-36 4.43523e-23 -6.63242e-37
2.13 -1.47623e-13 -3.62457e-29 8.43858e-14 -9.76261e-36 4.28634e-23 1.15232e-36
2.1305 -1.48851e-13 -2.96679e-29 8.40957e-14 -1.32591e-35 4.17729e-23 6.34935e-37
2.131 -1.50069e-13 -3.2015e-29 8.39605e-14 -2.88382e-36 4.09475e-23 -4.09136e-37
2.1315 -1.5128e-13 -1.29264e-29 8.39346e-14 6.48412e-36 4.03043e-23 -2.5e-36
2.132 -1.52484e-13 -1.84859e-29 8.3989e-14 1.15524e-35 3.97904e-23 -2.23595e-36
2.1325 -1.53684e-13 -1.21332e-29 8.41045e-14 3.6466e-36 3.9371e-23 1.40341e-36
2.133 -1.54881e-13 -1.22215e-29 8.42682e-14 2.823e-36 3.90226e-23 -4.85838e-36
2.1335 -1.56077e-13 -2.17724e-29 8.44712e-14 4.94019e-36 3.87288e-23 -7.63287e-36
2.134 -1.57272e-13 -1.66431e-29 8.47072e-14 -2.05933e-36 3.84781e-23 -5.32973e-36
2.1345 -1.58469e-13 -1.97302e-29 8.49716e-14 -8.87907e-36 3.82622e-23 6.95043e-36
2.135 -1.59667e-13 7.75854e-30 8.52611e-14 -6.15036e-36 3.80747e-23 -3.94668e-36
2.1355 -1.60868e-13 -1.94182e-29 8.55732e-14 6.3711e-36 3.79111e-23 -1.16561e-36
2.136 -1.62071e-13 -1.19198e-29 8.59059e-14 4.0692e-37 3.77678e-23 3.46529e-36
2.1365 -1.63278e-13 -2.43851e-29 8.62579e-14 1.95985e-36 3.7642e-23 3.2992e-36
2.137 -1.64489e-13 -1.94803e-29 8.66281e-14 1.4975e-36 3.75317e-23 -2.37608e-36
2.1375 -1.65703e-13 -1.19735e-29 8.70154e-14 1.44141e-36 3.7435e-23 -4.17568e-37
2.138 -1.66922e-13 -9.31064e-30 8.74194e-14 1.46228e-35 3.73506e-23 -2.20362e-38
2.1385 -1.68145e-13 -7.21402e-30 8.78394e-14 1.07522e-35 3.72775e-23 2.94904e-36
2.139 -1.69373e-13 -7.03622e-30 8.82751e-14 -8.41229e-36 3.72146e-23 -3.49361e-36
2.1395 -1.70606e-13 -3.03853e-29 8.87261e-14 -3.65352e-36 3.71613e-23 2.97967e-36
2.14 -1.71843e-13 1.81415e-30 8.91921e-14 -9.74342e-36 3.71168e-23 -2.01378e-36
2.1405 -1.73086e-13 -1.29109e-29 8.96731e-14 7.47942e-36 3.70808e-23 2.54961e-36
2.141 -1.74334e-13 -7.9462e-30 9.01688e-14 2.67439e-36 3.70528e-23 2.10716e-36
2.1415 -1.75587e-13 -1.10088e-30 9.06792e-14 -6.96056e-36 3.70324e-23 -1.31376e-36
2.142 -1.76845e-13 -1.02404e-29 9.12041e-14 5.28005e-36 3.70194e-23 -3.88081e-36
2.1425 -1.78109e-13 -2.28947e-29 9.17437e-14 -5.4469e-36 3.70134e-23 3.26963e-36
2.143 -1.79378e-13 -5.62634e-30 9.22979e-14 8.86116e-37 3.70143e-23 2.11287e-36
2.1435 -1.80653e-13 -3.1924e-30 9.28666e-14 4.68283e-36 3.70218e-23 2.58166e-36
2.144 -1.81933e-13 -2.13317e-29 9.345e-14 9.85908e-36 3.70359e-23 8.86702e-37
2.1445 -1.83218e-13 -2.27792e-29 9.40481e-14 3.6007e-36 3.70565e-23 1.72668e-36
2.145 -1.84508e-13 -2.33931e-29 9.46609e-14 1.1106e-36 3.70833e-23 1.50753e-37
2.1455 -1.85804e-13 -8.29988e-30 9.52887e-14 3.804e-36 3.71165e-23 -3.10544e-36
2.146 -1.87106e-13 -1.06372e-29 9.59314e-14 -3.89348e-36 3.71558e-23 -1.92381e-36
2.1465 -1.88412e-13 -1.75739e-29 9.65892e-14 -1.40093e-36 3.72013e-23 -1.33002e-35
2.147 -1.89724e-13 -5.84532e-30 9.72622e-14 -7.07248e-36 3.7253e-23 2.60877e-36
2.1475 -1.91041e-13 -2.35329e-29 9.79505e-14 -4.56687e-36 3.73109e-23 8.55465e-37
2.148 -1.92363e-13 -1.86631e-29 9.86544e-14 9.16535e-36 3.73749e-23 1.95421e-36
2.1485 -1.9369e-13 -8.50206e-30 9.93739e-14 -1.10734e-35 3.7445e-23 -5.53958e-36
2.149 -1.95022e-13 -2.60514e-29 1.00109e-13 6.18304e-36 3.75215e-23 -2.09821e-36
2.1495 -1.96359e-13 -1.49814e-29 1.00861e-13 9.77202e-36 3.76041e-23 -1.89844e-36
2.15 -1.97701e-13 -1.88324e-29 1.01628e-13 1.0176e-35 3.76932e-23 -4.32602e-36
2.1505 -1.99047e-13 -1.3511e-29 1.02412e-13 5.67824e-36 3.77886e-23 -6.98465e-39
2.151 -2.00398e-13 -3.37526e-30 1.03213e-13 5.94139e-36 3.78906e-23 -2.90864e-36
2.1515 -2.01754e-13 -6.61516e-30 1.04031e-13 -9.15057e-37 3.79992e-23 -4.03444e-36
2.152 -2.03113e-13 -1.58612e-29 1.04865e-13 2.07192e-36 3.81144e-23 -2.51969e-36
2.1525 -2.04477e-13 -5.45021e-29 1.05717e-13 -1.7165e-36 3.82366e-23 -8.17045e-36
2.153 -2.05846e-13 -2.94035e-29 1.06587e-13 -6.2782e-36 3.83657e-23 -1.99392e-36
2.1535 -2.07218e-13 -2.97635e-29 1.07474e-13 5.3209e-36 3.8502e-23 -6.98213e-36
2.154 -2.08594e-13 -2.26477e-29 1.08379e-13 -1.98576e-36 3.86456e-23 -2.81843e-36
2.1545 -2.09973e-13 -2.95481e-29 1.09303e-13 -5.91092e-37 3.87967e-23 1.58503e-36
2.155 -2.11356e-13 -7.39421e-30 1.10246e-13 1.03755e-35 3.89554e-23 1.87002e-36
2.1555 -2.12742e-13 -4.17084e-29 1.11207e-13 1.26265e-35 3.91221e-23 -2.75065e-36
2.156 -2.14131e-13 -6.23288e-29 1.12188e-13 3.77867e-36 3.9297e-23 3.22433e-36
2.1565 -2.15523e-13 -4.0588e-29 1.13189e-13 -3.74529e-36 3.94803e-23 -1.32461e-36
2.157 -2.16918e-13 1.38238e-30 1.1421e-13 -1.22661e-36 3.96722e-23 3.64471e-36
2.1575 -2.18315e-13 -4.23323e-29 1.15251e-13 -5.90579e-36 3.98731e-23 -3.36971e-36
2.158 -2.19714e-13 -2.83992e-29 1.16312e-13 -1.35346e-36 4.00833e-23 -4.33479e-36
2.1585 -2.21115e-13 -5.98314e-29 1.17395e-13 4.09748e-36 4.03031e-23 8.57897e-36
2.159 -2.22517e-13 -9.26006e-29 1.185e-13 -1.40193e-36 4.05329e-23 -6.04883e-37
2.1595 -2.23921e-13 -8.21026e-29 1.19626e-13 2.73916e-36 4.07731e-23 8.22375e-37
2.16 -2.25326e-13 -1.26714e-28 1.20775e-13 1.33243e-36 4.10241e-23 -1.1128e-36
2.1605 -2.26732e-13 -3.00322e-29 1.21947e-13 -3.36934e-36 4.12863e-23 3.75553e-37
2.161 -2.28137e-13 -7.25203e-29 1.23143e-13 3.35509e-36 4.15603e-23 7.71695e-36
2.1615 -2.29543e-13 -6.33909e-29 1.24362e-13 1.24837e-36 4.18466e-23 1.5835e-36
2.162 -2.30948e-13 -2.94647e-29 1.25606e-13 3.44627e-36 4.21457e-23 3.90652e-36
2.1625 -2.32353e-13 -2.53419e-29 1.26875e-13 7.43828e-36 4.24582e-23 7.88989e-37
2.163 -2.33756e-13 -1.11752e-28 1.2817e-13 5.3373e-36 4.27848e-23 1.47738e-36
2.1635 -2.35157e-13 -2.70582e-29 1.29491e-13 1.96331e-35 4.31261e-23 1.98194e-36
2.164 -2.36556e-13 -1.92328e-28 1.30839e-13 -8.13369e-36 4.34831e-23 5.80768e-37
2.1645 -2.37952e-13 -2.5115e-28 1.32215e-13 9.73375e-37 4.38563e-23 -2.62794e-36
2.165 -2.39346e-13 -2.8549e-28 1.3362e-13 1.2112e-35 4.42468e-23 3.69221e-36
2.1655 -2.40735e-13 -1.02459e-27 1.35053e-13 -5.95048e-37 4.46555e-23 7.64036e-37
2.166 -2.4212e-13 -2.60094e-25 1.36517e-13 -2.12634e-35 4.50834e-23 2.62249e-36
2.1665 -2.435e-13 1.22348e-27 1.38013e-13 -3.97967e-36 4.55317e-23 -6.8297e-36
2.167 -2.44874e-13 5.36567e-28 1.3954e-13 -5.7624e-36 4.60014e-23 9.9166e-37
2.1675 -2.46241e-13 4.18196e-28 1.411e-13 -1.16262e-35 4.6494e-23 -5.29814e-37
2.168 -2.47602e-13 2.06575e-28 1.42695e-13 6.35221e-36 4.70109e-23 4.28814e-36
2.1685 -2.48954e-13 2.55514e-28 1.44325e-13 -4.49707e-36 4.75535e-23 -4.43363e-36
2.169 -2.50298e-13 1.2399e-28 1.45992e-13 4.30956e-37 4.81237e-23 -8.20846e-37
2.1695 -2.51632e-13 1.83208e-28 1.47698e-13 5.76092e-36 4.87231e-23 -4.8607e-37
2.17 -2.52955e-13 1.49169e-28 1.49443e-13 -1.69717e-37 4.93539e-23 7.84197e-37
2.1705 -2.54266e-13 2.61411e-29 1.51229e-13 -5.68208e-37 5.00182e-23 6.18463e-36
2.171 -2.55565e-13 5.79614e-29 1.53058e-13 -1.01689e-35 5.07183e-23 3.51162e-36
2.1715 -2.56849e-13 3.93762e-29 1.54933e-13 1.2467e-36 5.1457e-23 -6.33488e-36
2.172 -2.58118e-13 7.66894e-29 1.56855e-13 2.73683e-36 5.2237e-23 -8.03392e-36
2.1725 -2.59371e-13 1.25056e-28 1.58826e-13 6.82435e-38 5.30616e-23 -1.38713e-36
2.173 -2.60605e-13 7.61934e-29 1.6085e-13 6.62985e-36 5.39343e-23 -3.65105e-36
2.1735 -2.6182e-13 1.01528e-28 1.62928e-13 6.60981e-36 5.48588e-23 2.28617e-36
2.174 -2.63014e-13 1.0231e-28 1.65064e-13 6.20911e-36 5.58394e-23 1.95989e-36
2.1745 -2.64185e-13 9.84717e-29 1.67261e-13 -8.93261e-37 5.68809e-23 2.64902e-36
2.175 -2.65331e-13 1.36994e-29 1.69524e-13 9.49618e-36 5.79885e-23 4.41923e-36
2.1755 -2.6645e-13 8.29546e-29 1.71855e-13 1.84114e-35 5.9168e-23 7.46756e-36
2.176 -2.6754e-13 7.21857e-29 1.7426e-13 1.31685e-35 6.04258e-23 -1.63116e-36
2.1765 -2.68599e-13 9.76035e-29 1.76744e-13 7.97718e-36 6.17693e-23 3.31397e-37
2.177 -2.69624e-13 6.48171e-29 1.79312e-13 1.97612e-36 6.32065e-23 -5.16864e-36
2.1775 -2.70613e-13 5.9461e-29 1.81972e-13 -2.71819e-36 6.47465e-23 -3.41319e-36
2.178 -2.71561e-13 9.17779e-29 1.84729e-13 9.27719e-36 6.63997e-23 4.23161e-36
2.1785 -2.72467e-13 3.20445e-29 1.87593e-13 -3.27683e-36 6.81775e-23 3.06619e-36
2.179 -2.73327e-13 7.82608e-29 1.90572e-13 1.22249e-35 7.00931e-23 5.0151e-36
2.1795 -2.74137e-13 1.02158e-28 1.93676e-13 -4.1885e-36 7.21614e-23 1.20759e-36
2.18 -2.74892e-13 6.26273e-29 1.96918e-13 -1.37684e-35 7.43992e-23 -3.73117e-36
2.1805 -2.75589e-13 8.89311e-29 2.00311e-13 2.58711e-37 7.6826e-23 1.53765e-36
2.181 -2.76222e-13 1.00889e-28 2.03871e-13 2.23778e-36 7.94639e-23 -4.48862e-36
2.1815 -2.76786e-13 8.18967e-29 2.07614e-13 5.23096e-36 8.23383e-23 -3.54516e-38
2.182 -2.77276e-13 8.59434e-29 2.11561e-13 -3.7353e-36 8.54789e-23 -1.20163e-36
2.1825 -2.77684e-13 1.07788e-28 2.15737e-13 1.47576e-35 8.89197e-23 3.53702e-36
2.183 -2.78003e-13 1.1112e-28 2.20168e-13 -1.16878e-35 9.27005e-23 -5.84351e-36
2.1835 -2.78226e-13 9.24081e-29 2.24886e-13 -1.02926e-36 9.68678e-23 8.82178e-36
2.184 -2.78344e-13 1.07522e-28 2.29929e-13 -7.91437e-36 1.01476e-22 -5.0343e-36
2.1845 -2.78346e-13 1.03914e-28 2.35341e-13 1.03056e-35 1.06591e-22 -1.26717e-36
2.185 -2.78224e-13 1.16775e-28 2.41174e-13 -5.90092e-38 1.12287e-22 -1.15157e-36
2.1855 -2.77963e-13 1.03127e-28 2.47492e-13 3.7126e-36 1.18657e-22 -8.27382e-36
2.186 -2.77552e-13 1.19891e-28 2.54369e-13 1.2226e-35 1.25811e-22 -1.20983e-35
2.1865 -2.76975e-13 1.06465e-28 2.61895e-13 1.37412e-35 1.33881e-22 9.22339e-36
2.187 -2.76216e-13 1.40125e-28 2.70179e-13 6.46891e-37 1.43028e-22 1.44354e-35
2.1875 -2.75256e-13 1.11255e-28 2.79356e-13 -1.89461e-37 1.53451e-22 1.20898e-36
2.188 -2.74076e-13 1.67867e-28 2.89591e-13 -7.6811e-36 1.65392e-22 3.16713e-36
2.1885 -2.72653e-13 1.24244e-28 3.01088e-13 -2.64367e-36 1.79156e-22 4.2215e-36
2.189 -2.70964e-13 1.56873e-28 3.14104e-13 9.03272e-36 1.95123e-22 8.6752e-36
2.1895 -2.68982e-13 1.54608e-28 3.28961e-13 6.46162e-36 2.13774e-22 1.60137e-36
2.19 -2.6668e-13 1.7909e-28 3.46073e-13 -6.94156e-36 2.35727e-22 8.39527e-36
2.1905 -2.64033e-13 1.57232e-28 3.65969e-13 -4.79272e-36 2.61775e-22 1.03641e-35
2.191 -2.61019e-13 2.10523e-28 3.8934e-13 7.89638e-36 2.92954e-22 -9.76902e-36
2.1915 -2.57623e-13 1.86205e-28 4.17091e-13 -6.19811e-36 3.3063e-22 1.75928e-35
2.192 -2.5385e-13 2.90462e-28 4.50422e-13 -5.30295e-36 3.76618e-22 1.32785e-36
2.1925 -2.49738e-13 2.65959e-28 4.9094e-13 -2.64786e-35 4.33355e-22 1.15633e-35
2.193 -2.4539e-13 3.20552e-28 5.40804e-13 1.27692e-35 5.04135e-22 1.30075e-35
2.1935 -2.4102e-13 3.1388e-28 6.0293e-13 1.11829e-35 5.93421e-22 -8.69974e-36
2.194 -2.37052e-13 4.46389e-28 6.81218e-13 5.71662e-35 7.07225e-22 7.51433e-36
2.1945 -2.34264e-13 4.31656e-28 7.80766e-13 8.35703e-36 8.53467e-22 3.45533e-36
2.195 -2.34051e-13 8.30333e-28 9.07831e-13 -2.56428e-35 1.04199e-21 3.16098e-36
2.1955 -2.38801e-13 1.96917e-27 1.06896e-12 -2.08388e-35 1.28334e-21 2.62429e-35
2.196 -2.52308e-13 -1.58438e-27 1.26794e-12 -7.12084e-36 1.58431e-21 -7.55487e-35
2.1965 -2.7976e-13 -2.99006e-28 1.49842e-12 -2.62946e-36 1.93673e-21 -1.91288e-35
2.197 -3.26048e-13 -3.03632e-28 1.73159e-12 -2.75235e-35 2.29844e-21 -4.25302e-35
2.1975 -3.91049e-13 -2.52646e-28 1.90842e-12 8.29027e-36 2.58017e-21 -7.86436e-35
2.198 -4.64393e-13 -3.53562e-28 1.9608e-12 1.17807e-35 2.67616e-21 1.69668e-35
2.1985 -5.28391e-13 -4.17085e-28 1.86451e-12 -1.43889e-35 2.54487e-21 -4.77855e-36
2.199 -5.70304e-13 -2.14066e-28 1.66318e-12 -6.26904e-36 2.24873e-21 -4.15113e-35
2.1995 -5.89313e-13 -3.56348e-28 1.42738e-12 5.69832e-36 1.89413e-21 -5.30942e-36
2.2 -5.91948e-13 -4.87815e-28 1.20741e-12 4.83693e-35 1.55887e-21 2.17512e-35
2.2005 -5.85397e-13 -2.28303e-28 1.02359e-12 3.72587e-35 1.2757e-21 -1.58347e-36
2.201 -5.74704e-13 -2.50534e-28 8.77756e-13 -2.29594e-35 1.04876e-21 -1.85504e-35
2.2015 -5.6275e-13 -3.21809e-28 7.64477e-13 3.48751e-36 8.70648e-22 -2.07451e-35
2.202 -5.50982e-13 -2.26572e-28 6.76923e-13 3.76688e-35 7.31448e-22 4.77864e-35
2.2025 -5.40042e-13 -1.63822e-28 6.09038e-13 5.03959e-35 6.22186e-22 4.77901e-36
2.203 -5.30153e-13 -2.18711e-28 5.56037e-13 2.69092e-35 5.35692e-22 -8.78055e-36
2.2035 -5.21341e-13 -2.72868e-28 5.14305e-13 4.04903e-35 4.66514e-22 -2.06875e-35
2.204 -5.1354e-13 -1.76869e-28 4.81162e-13 3.91104e-36 4.10583e-22 -1.45319e-36
2.2045 -5.0665e-13 -1.64902e-28 4.54627e-13 -5.72333e-36 3.64876e-22 1.16404e-35
2.205 -5.00564e-13 -2.0644e-28 4.33226e-13 2.4465e-35 3.27139e-22 2.15404e-35
2.2055 -4.95182e-13 -1.4468e-28 4.1586e-13 4.0297e-36 2.95683e-22 1.62081e-35
2.206 -4.90412e-13 -1.58035e-28 4.01696e-13 -2.00928e-36 2.69225e-22 -1.75435e-36
2.2065 -4.86171e-13 -1.50804e-28 3.90101e-13 -7.85391e-37 2.46785e-22 -1.66046e-35
2.207 -4.82391e-13 -1.3889e-28 3.80587e-13 -1.074e-35 2.27608e-22 -1.66278e-35
2.2075 -4.79011e-13 -1.45988e-28 3.72774e-13 -1.1224e-35 2.11102e-22 -7.76373e-36
2.208 -4.75979e-13 -1.42331e-28 3.66363e-13 1.93288e-35 1.96803e-22 -3.6354e-36
2.2085 -4.73251e-13 -1.19991e-28 3.61117e-13 -1.15824e-35 1.8434e-22 4.28933e-36
2.209 -4.70788e-13 -1.22607e-28 3.56847e-13 8.36027e-36 1.73418e-22 8.57357e-36
2.2095 -4.68557e-13 -1.70642e-28 3.534e-13 -4.49789e-37 1.63797e-22 -5.01907e-36
2.21 -4.66531e-13 -1.55719e-28 3.5065e-13 9.19597e-36 1.55281e-22 -3.89075e-36
2.2105 -4.64685e-13 -1.43578e-28 3.48497e-13 -3.45089e-36 1.4771e-22 -3.86258e-36
2.211 -4.62997e-13 -1.08918e-28 3.46855e-13 1.12238e-36 1.40951e-22 3.31118e-36
2.2115 -4.61449e-13 -8.7299e-29 3.45655e-13 1.64441e-35 1.34895e-22 1.16036e-36
2.212 -4.60025e-13 -9.2854e-29 3.44838e-13 -8.76024e-38 1.29449e-22 -7.05369e-36
2.2125 -4.58711e-13 -1.23058e-28 3.44355e-13 -8.21333e-36 1.24535e-22 -7.6991e-37
2.213 -4.57494e-13 -9.75518e-29 3.44163e-13 -3.8455e-37 1.20088e-22 -9.46075e-36
2.2135 -4.56363e-13 -7.05007e-29 3.44228e-13 1.06671e-35 1.16052e-22 8.70714e-36
2.214 -4.55309e-13 -9.20003e-29 3.4452e-13 -1.01461e-35 1.12378e-22 -3.80361e-37
2.2145 -4.54323e-13 -7.81538e-29 3.4501e-13 1.01569e-35 1.09026e-22 6.52587e-37
2.215 -4.53397e-13 -9.22336e-29 3.45679e-13 3.9357e-36 1.0596e-22 -6.40071e-37
2.2155 -4.52526e-13 -1.00918e-28 3.46504e-13 4.49948e-36 1.0315e-22 -2.35645e-36
2.216 -4.51702e-13 -1.03408e-28 3.4747e-13 3.71211e-36 1.00568e-22 7.49547e-36
2.2165 -4.5092e-13 -9.15457e-29 3.48561e-13 8.1666e-36 9.81927e-23 -5.90242e-36
2.217 -4.50176e-13 -9.90669e-29 3.49765e-13 1.05014e-36 9.60021e-23 8.03515e-36
2.2175 -4.49465e-13 -1.00932e-28 3.51069e-13 6.74723e-37 9.39787e-23 6.906e-36
2.218 -4.48783e-13 -7.83629e-29 3.52463e-13 -3.54293e-36 9.21066e-23 3.95226e-36
2.2185 -4.48128e-13 -7.81701e-29 3.53938e-13 9.75613e-36 9.0372e-23 -1.49708e-35
2.219 -4.47495e-13 -6.82198e-29 3.55486e-13 1.07119e-35 8.87624e-23 -5.58178e-36
2.2195 -4.46883e-13 -6.71096e-29 3.571e-13 2.34923e-36 8.72667e-23 6.0769e-36
2.22 -4.46288e-13 -9.49014e-29 3.58772e-13 1.22631e-36 8.58752e-23 -8.1958e-36
2.2205 -4.45708e-13 -6.99901e-29 3.60497e-13 -6.61169e-36 8.4579e-23 1.11189e-36
2.221 -4.45142e-13 -6.5489e-29 3.62269e-13 -2.01318e-35 8.33704e-23 7.71519e-36
2.2215 -4.44587e-13 -7.81562e-29 3.64084e-13 -8.68159e-36 8.22421e-23 -1.12238e-36
2.222 -4.44043e-13 -7.05038e-29 3.65937e-13 2.18439e-36 8.11879e-23 -1.00576e-35
2.2225 -4.43507e-13 -7.84138e-29 3.67824e-13 3.37827e-36 8.0202e-23 4.42992e-36
2.223 -4.42979e-13 -6.42112e-29 3.69741e-13 4.69072e-36 7.92793e-23 -9.04661e-36
2.2235 -4.42456e-13 -6.29901e-29 3.71686e-13 3.72037e-36 7.84151e-23 -4.88659e-36
2.224 -4.41939e-13 -6.79948e-29 3.73654e-13 3.06771e-36 7.76051e-23 -2.43724e-36
2.2245 -4.41427e-13 -8.35117e-29 3.75643e-13 3.19872e-36 7.68455e-23 -1.42512e-35
2.225 -4.40918e-13 -6.87165e-29 3.7765e-13 -8.02586e-36 7.6133e-23 -4.82387e-36
2.2255 -4.40413e-13 -6.20075e-29 3.79673e-13 4.30475e-36 7.54642e-23 1.4275e-35
2.226 -4.3991e-13 -5.64822e-29 3.8171e-13 1.46954e-35 7.48363e-23 1.21034e-35
2.2265 -4.39409e-13 -6.59683e-29 3.83758e-13 -7.22951e-36 7.42468e-23 -1.37469e-35
2.227 -4.38909e-13 -5.78442e-29 3.85817e-13 -4.42924e-36 7.36932e-23 8.40911e-36
2.2275 -4.38412e-13 -6.48604e-29 3.87882e-13 1.36286e-36 7.31736e-23 -4.02359e-36
2.228 -4.37915e-13 -5.60953e-29 3.89954e-13 -8.97473e-36 7.26859e-23 4.39833e-36
2.2285 -4.3742e-13 -4.85979e-29 3.92031e-13 -8.99961e-36 7.22284e-23 -1.60749e-35
2.229 -4.36926e-13 -4.99619e-29 3.94111e-13 -2.53881e-36 7.17997e-23 -1.28015e-35
2.2295 -4.36433e-13 -3.81805e-29 3.96193e-13 9.54673e-37 7.13984e-23 -2.5845e-36
2.23 -4.3594e-13 -5.91241e-29 3.98276e-13 -2.57803e-36 7.10233e-23 -9.0168e-36
2.2305 -4.35449e-13 -4.07443e-29 4.00359e-13 3.15221e-36 7.06736e-23 -6.6444e-37
2.231 -4.3496e-13 -5.49017e-29 4.02441e-13 2.06565e-36 7.03485e-23 9.46356e-36
2.2315 -4.34471e-13 -2.84052e-29 4.04521e-13 -1.70501e-35 7.00474e-23 4.42591e-36
2.232 -4.33985e-13 -4.32965e-29 4.06598e-13 6.03624e-36 6.97701e-23 1.77249e-35
2.2325 -4.335e-13 -6.27117e-29 4.08672e-13 7.223e-36 6.95166e-23 8.19956e-36
2.233 -4.33018e-13 -6.35592e-29 4.10742e-13 5.53104e-36 6.92872e-23 -5.50034e-36
2.2335 -4.32537e-13 -3.69232e-29 4.12809e-13 -3.88869e-36 6.90827e-23 7.48714e-36
2.234 -4.3206e-13 -7.78277e-29 4.14871e-13 -2.50282e-36 6.89045e-23 -1.37615e-35
2.2345 -4.31586e-13 -1.07354e-28 4.16931e-13 -6.40257e-36 6.87545e-23 4.49988e-36
2.235 -4.31115e-13 -2.5561e-29 4.18987e-13 2.59896e-36 6.86359e-23 7.75212e-36
2.2355 -4.30648e-13 -7.7037e-29 4.21041e-13 1.1392e-35 6.85528e-23 1.64896e-35
2.236 -4.30186e-13 -3.57067e-29 4.23096e-13 7.72859e-36 6.85116e-23 2.46761e-36
2.2365 -4.29728e-13 -6.25816e-29 4.25153e-13 6.93576e-36 6.85213e-23 -1.5687e-35
2.237 -4.29275e-13 -5.67343e-29 4.27217e-13 -3.83324e-36 6.8595e-23 1.48703e-35
2.2375 -4.28827e-13 -1.55719e-29 4.29294e-13 -1.15609e-35 6.87524e-23 1.58154e-35
2.238 -4.28386e-13 -2.45417e-29 4.31394e-13 -5.92485e-37 6.90236e-23 1.19344e-35
2.2385 -4.27951e-13 -4.51038e-29 4.33532e-13 2.32322e-36 6.94559e-23 -2.32762e-35
2.239 -4.27523e-13 -5.71362e-29 4.35734e-13 -5.25558e-36 7.0127e-23 4.95463e-36
2.2395 -4.27103e-13 -5.37764e-29 4.38044e-13 -1.21552e-36 7.11697e-23 1.21964e-35
2.24 -4.26694e-13 -6.10154e-29 4.4054e-13 -2.08651e-36 7.28238e-23 -2.57823e-36
2.2405 -4.263e-13 -3.18728e-29 4.43373e-13 -9.41478e-37 7.55471e-23 1.80071e-35
2.241 -4.25935e-13 -6.12808e-29 4.46844e-13 -3.54388e-36 8.0261e-23 2.48489e-36
2.2415 -4.25637e-13 -1.52491e-29 4.51563e-13 -2.31722e-36 8.88311e-23 -2.22715e-37
2.242 -4.25501e-13 -3.5903e-29 4.58478e-13 1.39394e-35 1.042e-22 -3.35821e-36
2.2425 -4.2566e-13 -6.18243e-29 4.66772e-13 -1.4551e-36 1.23997e-22 -9.1003e-37
2.243 -4.25806e-13 -4.99923e-29 4.68957e-13 -4.73028e-36 1.25363e-22 1.24735e-35
2.2435 -4.25458e-13 -9.12922e-29 4.64429e-13 -2.01715e-36 1.0611e-22 1.9089e-37
2.244 -4.24934e-13 -5.94274e-29 4.60966e-13 -6.03717e-36 8.99771e-23 7.82396e-36
2.2445 -4.24462e-13 -6.79683e-29 4.59764e-13 -2.69974e-36 8.07504e-23 -7.73752e-36
2.245 -4.24062e-13 -8.65859e-29 4.59875e-13 -4.71226e-36 7.55775e-23 -1.53302e-35
2.2455 -4.23718e-13 -3.69041e-29 4.60657e-13 -6.33471e-36 7.25102e-23 1.41826e-36
2.246 -4.23416e-13 -7.25879e-29 4.61793e-13 4.67891e-36 7.05733e-23 -1.29065e-35
2.2465 -4.23149e-13 -5.52337e-29 4.63123e-13 6.57323e-36 6.9281e-23 -1.09799e-35
2.247 -4.22911e-13 -6.102e-29 4.64564e-13 8.6154e-36 6.83787e-23 1.63912e-35
2.2475 -4.22701e-13 -4.29496e-29 4.66072e-13 3.13949e-36 6.77252e-23 1.77617e-35
2.248 -4.22515e-13 -4.69201e-29 4.67619e-13 3.84175e-36 6.72377e-23 3.79691e-36
2.2485 -4.22354e-13 -8.47364e-29 4.6919e-13 8.83844e-36 6.68655e-23 -1.55583e-35
2.249 -4.22216e-13 -5.89993e-29 4.70774e-13 7.53699e-36 6.65761e-23 1.002e-35
2.2495 -4.22102e-13 -8.66469e-29 4.72365e-13 1.35757e-35 6.63482e-23 -8.56263e-36
2.25 -4.22013e-13 -5.51593e-29 4.73958e-13 9.40612e-36 6.6167e-23 -2.84588e-36
2.2505 -4.21947e-13 -8.70295e-29 4.7555e-13 4.94742e-36 6.60223e-23 1.92431e-36
2.251 -4.21905e-13 -5.24403e-29 4.7714e-13 -1.40189e-36 6.59068e-23 1.66718e-35
2.2515 -4.21888e-13 -5.88605e-29 4.78725e-13 -7.74162e-36 6.5815e-23 1.54198e-35
2.252 -4.21897e-13 -2.93914e-29 4.80305e-13 4.62249e-36 6.5743e-23 -8.79463e-36
2.2525 -4.21931e-13 -3.52579e-29 4.8188e-13 -1.27501e-36 6.56877e-23 7.22301e-36
2.253 -4.2199e-13 -5.33787e-29 4.83449e-13 -2.64251e-36 6.56467e-23 1.07403e-35
2.2535 -4.22076e-13 -8.69815e-29 4.85012e-13 -1.62971e-35 6.56183e-23 1.88859e-35
2.254 -4.22189e-13 -3.36958e-29 4.86568e-13 8.24814e-36 6.56009e-23 -7.68069e-36
2.2545 -4.2233e-13 -5.61135e-29 4.88119e-13 -1.00897e-36 6.55935e-23 -6.45708e-36
2.255 -4.22498e-13 -3.6926e-29 4.89664e-13 -2.0735e-37 6.55951e-23 -2.19472e-36
2.2555 -4.22694e-13 -6.23675e-29 4.91203e-13 2.03361e-37 6.5605e-23 -1.6983e-35
2.256 -4.22919e-13 -5.05912e-29 4.92737e-13 3.43348e-36 6.56226e-23 9.35582e-36
2.2565 -4.23173e-13 -6.44183e-29 4.94265e-13 6.10606e-38 6.56473e-23 -4.70247e-37
2.257 -4.23457e-13 -3.32357e-29 4.95789e-13 -4.31989e-36 6.56788e-23 4.68396e-36
2.2575 -4.2377e-13 -5.57702e-29 4.97309e-13 -4.66075e-36 6.57167e-23 1.77995e-36
2.258 -4.24114e-13 -6.00672e-29 4.98825e-13 -2.25962e-37 6.57608e-23 -4.816e-36
2.2585 -4.24489e-13 -4.87412e-29 5.00338e-13 -1.0354e-35 6.58108e-23 -1.85894e-36
2.259 -4.24895e-13 -7.03923e-29 5.01847e-13 -2.76665e-36 6.58665e-23 -7.27023e-37
2.2595 -4.25332e-13 -5.78872e-29 5.03354e-13 1.29016e-36 6.59278e-23 8.33088e-36
2.26 -4.25802e-13 -4.55532e-29 5.04859e-13 9.43324e-36 6.59945e-23 -7.08887e-36
2.2605 -4.26303e-13 -4.47492e-29 5.06363e-13 -2.64274e-36 6.60665e-23 2.26657e-36
2.261 -4.26838e-13 -3.90883e-29 5.07866e-13 -1.94109e-35 6.61438e-23 -1.41037e-35
2.2615 -4.27405e-13 -3.89722e-29 5.09369e-13 4.32725e-36 6.62263e-23 6.08582e-36
2.262 -4.28006e-13 -7.512e-29 5.10871e-13 -7.63735e-36 6.63138e-23 -1.34831e-35
2.2625 -4.2864e-13 -5.89209e-29 5.12375e-13 8.46994e-36 6.64065e-23 -1.37727e-35
2.263 -4.29308e-13 -4.69224e-29 5.13879e-13 1.44013e-36 6.65043e-23 -8.38119e-36
2.2635 -4.30011e-13 -5.1965e-29 5.15386e-13 2.91146e-36 6.66071e-23 -8.50147e-36
2.264 -4.30747e-13 -5.11721e-29 5.16895e-13 8.24134e-36 6.6715e-23 -1.16744e-35
2.2645 -4.31519e-13 -6.94043e-29 5.18407e-13 1.6295e-35 6.68279e-23 1.07115e-36
2.265 -4.32326e-13 -4.76958e-29 5.19923e-13 1.32162e-35 6.69459e-23 -2.58117e-35
2.2655 -4.33167e-13 -1.94934e-29 5.21444e-13 1.95707e-36 6.70691e-23 -1.59902e-35
2.266 -4.34045e-13 -3.91293e-29 5.22969e-13 1.16753e-35 6.71974e-23 -9.34933e-37
2.2665 -4.34957e-13 -6.64817e-29 5.24499e-13 -1.48139e-35 6.73309e-23 -9.76496e-36
2.267 -4.35906e-13 -5.66738e-29 5.26036e-13 2.50591e-36 6.74696e-23 -1.74064e-35
2.2675 -4.36891e-13 -7.55267e-29 5.2758e-13 1.19783e-35 6.76136e-23 3.65774e-36
2.268 -4.37911e-13 -5.10823e-29 5.29131e-13 4.17661e-36 6.7763e-23 -3.43377e-36
2.2685 -4.38968e-13 -3.49257e-29 5.30689e-13 3.64277e-36 6.79178e-23 -1.94854e-35
2.269 -4.40062e-13 -2.81897e-29 5.32257e-13 1.66743e-35 6.80781e-23 -2.62223e-35
2.2695 -4.41192e-13 -5.40181e-29 5.33834e-13 3.38831e-36 6.8244e-23 -3.21095e-35
2.27 -4.42359e-13 -4.30152e-29 5.35421e-13 1.0336e-36 6.84156e-23 -1.74274e-35
2.2705 -4.43562e-13 -4.07842e-29 5.37019e-13 4.3742e-36 6.8593e-23 -5.98884e-37
2.271 -4.44802e-13 -4.90779e-29 5.38628e-13 9.34543e-36 6.87762e-23 -2.2616e-36
2.2715 -4.46079e-13 -1.85135e-29 5.40249e-13 1.07366e-35 6.89654e-23 1.24155e-35
2.272 -4.47393e-13 -2.9052e-29 5.41882e-13 9.75337e-36 6.91607e-23 1.78446e-35
2.2725 -4.48744e-13 -2.77501e-29 5.43529e-13 1.91888e-35 6.93622e-23 -1.36239e-35
2.273 -4.50132e-13 -2.75611e-29 5.4519e-13 -9.83437e-38 6.95701e-23 -1.61619e-35
2.2735 -4.51556e-13 -4.4089e-29 5.46865e-13 2.34986e-35 6.97844e-23 -2.23665e-35
2.274 -4.53018e-13 -3.80059e-29 5.48556e-13 -2.14605e-36 7.00054e-23 1.49558e-35
2.2745 -4.54516e-13 -3.82767e-29 5.50263e-13 8.86634e-36 7.02333e-23 3.09004e-36
2.275 -4.56051e-13 -5.44641e-29 5.51986e-13 -1.80451e-35 7.04681e-23 -8.72211e-36
2.2755 -4.57623e-13 -6.31207e-29 5.53727e-13 -1.3498e-35 7.07101e-23 -3.47648e-35
2.276 -4.59231e-13 -3.64151e-29 5.55487e-13 -1.51179e-35 7.09594e-23 -3.60416e-36
2.2765 -4.60876e-13 -4.57231e-29 5.57264e-13 3.34029e-36 7.12162e-23 -3.06393e-36
2.277 -4.62557e-13 -6.26523e-29 5.59062e-13 -6.04879e-36 7.14808e-23 -1.3693e-35
2.2775 -4.64274e-13 -6.17596e-29 5.6088e-13 -1.63236e-35 7.17535e-23 -7.27268e-36
2.278 -4.66027e-13 -4.72457e-29 5.62718e-13 -1.32788e-35 7.20343e-23 6.58912e-36
2.2785 -4.67816e-13 -4.73364e-29 5.64579e-13 8.76475e-36 7.23237e-23 1.79862e-35
2.279 -4.6964e-13 -1.98878e-29 5.66462e-13 -3.40451e-36 7.26218e-23 -1.78962e-35
2.2795 -4.71499e-13 -2.50517e-29 5.68368e-13 -2.30636e-35 7.2929e-23 1.50271e-35
2.28 -4.73393e-13 -5.91985e-29 5.70297e-13 -6.12679e-36 7.32455e-23 4.284e-36
2.2805 -4.75322e-13 -6.6242e-29 5.72252e-13 1.09144e-35 7.35718e-23 -2.81485e-37
2.281 -4.77285e-13 -4.12657e-29 5.74232e-13 -1.08033e-35 7.39081e-23 -1.4898e-35
2.2815 -4.79282e-13 -6.05068e-29 5.76238e-13 -4.39965e-36 7.42549e-23 3.18635e-36
2.282 -4.81313e-13 -4.31899e-29 5.78272e-13 -1.55012e-35 7.46126e-23 -3.53951e-36
2.2825 -4.83376e-13 -4.51705e-29 5.80333e-13 -6.35495e-36 7.49815e-23 3.91204e-36
2.283 -4.85472e-13 -6.30721e-29 5.82423e-13 -7.20618e-36 7.53622e-23 -2.13144e-35
2.2835 -4.876e-13 -2.98116e-29 5.84542e-13 2.86645e-35 7.57552e-23 2.40669e-35
2.284 -4.8976e-13 -6.0745e-29 5.86691e-13 -2.64118e-35 7.61611e-23 -2.11538e-35
2.2845 -4.9195e-13 -5.05027e-29 5.88872e-13 -1.14193e-35 7.65803e-23 -1.04119e-35
2.285 -4.9417e-13 -4.54237e-29 5.91085e-13 1.44316e-35 7.70136e-23 -9.6078e-37
2.2855 -4.9642e-13 -5.34778e-29 5.93331e-13 -2.91216e-36 7.74617e-23 1.94991e-35
2.286 -4.98699e-13 -2.35256e-29 5.9561e-13 1.91745e-35 7.79252e-23 1.78783e-36
2.2865 -5.01006e-13 -1.02891e-29 5.97924e-13 7.04796e-36 7.84051e-23 7.09536e-36
2.287 -5.0334e-13 -1.64498e-29 6.00275e-13 2.05872e-35 7.89021e-23 2.24323e-35
2.2875 -5.05701e-13 -1.80696e-29 6.02662e-13 -1.54688e-35 7.94173e-23 -2.23312e-35
2.288 -5.08086e-13 -7.1861e-29 6.05086e-13 -2.48789e-35 7.99516e-23 7.21681e-36
2.2885 -5.10496e-13 -7.96342e-29 6.0755e-13 -2.00044e-36 8.05063e-23 -2.22217e-35
2.289 -5.12929e-13 -4.43693e-29 6.10054e-13 -2.1627e-36 8.10825e-23 -3.93076e-35
2.2895 -5.15384e-13 -4.59705e-29 6.12599e-13 1.55012e-35 8.16817e-23 1.25169e-35
2.29 -5.1786e-13 -4.068e-29 6.15187e-13 1.74024e-36 8.23053e-23 -2.41844e-35
2.2905 -5.20354e-13 -4.93577e-29 6.17818e-13 1.02105e-35 8.2955e-23 1.11975e-35
2.291 -5.22867e-13 -4.79089e-29 6.20495e-13 -7.00818e-36 8.36326e-23 -2.38626e-35
2.2915 -5.25396e-13 -1.86723e-29 6.23218e-13 -4.10392e-35 8.43401e-23 1.61933e-35
2.292 -5.27939e-13 -4.33236e-29 6.2599e-13 1.49278e-35 8.50797e-23 -4.08163e-36
2.2925 -5.30494e-13 -5.68056e-29 6.28811e-13 8.61008e-36 8.58539e-23 -9.52177e-36
2.293 -5.3306e-13 -3.46691e-29 6.31684e-13 -9.7108e-36 8.66655e-23 -1.79433e-35
2.2935 -5.35635e-13 -5.01747e-29 6.34611e-13 2.16632e-35 8.75175e-23 1.04638e-35
2.294 -5.38215e-13 -3.01623e-29 6.37593e-13 -6.32499e-36 8.84133e-23 2.91274e-36
2.2945 -5.40799e-13 -4.91244e-29 6.40633e-13 6.00476e-36 8.93568e-23 2.0572e-35
2.295 -5.43384e-13 -2.51514e-29 6.43733e-13 3.40807e-36 9.03522e-23 6.98596e-36
2.2955 -5.45966e-13 -4.94951e-29 6.46896e-13 8.46647e-36 9.14044e-23 -2.9833e-36
2.296 -5.48542e-13 -3.67126e-29 6.50126e-13 -2.42628e-36 9.2519e-23 -1.38316e-35
2.2965 -5.51109e-13 -5.37749e-30 6.53425e-13 1.01714e-35 9.3702e-23 4.53927e-36
2.297 -5.53663e-13 -4.99644e-29 6.56797e-13 -3.22147e-35 9.49606e-23 2.68713e-35
2.2975 -5.562e-13 -4.05877e-29 6.60246e-13 7.0987e-36 9.63028e-23 -5.88452e-36
2.298 -5.58714e-13 -2.57921e-30 6.63777e-13 5.63366e-36 9.77378e-23 -8.75623e-37
2.2985 -5.61201e-13 -2.86906e-29 6.67395e-13 9.55854e-36 9.92763e-23 2.24838e-35
2.299 -5.63654e-13 -5.94364e-29 6.71106e-13 9.80847e-36 1.0093e-22 3.2445e-37
2.2995 -5.66068e-13 -2.94719e-29 6.74917e-13 6.45485e-36 1.02714e-22 8.87254e-36
2.3 -5.68435e-13 -5.63241e-29 6.78836e-13 2.45501e-35 1.04645e-22 3.34337e-35
2.3005 -5.70747e-13 -1.5958e-29 6.82873e-13 1.18774e-36 1.0674e-22 -2.84682e-35
2.301 -5.72995e-13 -3.75113e-29 6.87037e-13 9.33106e-36 1.09024e-22 1.09438e-35
2.3015 -5.7517e-13 -4.77751e-29 6.91341e-13 -2.7978e-35 1.11523e-22 6.80811e-36
2.302 -5.7726e-13 -5.77604e-29 6.95801e-13 -1.12789e-35 1.14269e-22 -2.38698e-36
2.3025 -5.79251e-13 -7.43167e-29 7.00433e-13 -2.85845e-36 1.17298e-22 2.78656e-35
2.303 -5.81131e-13 -5.20424e-29 7.05258e-13 1.53633e-35 1.20658e-22 -9.50228e-36
2.3035 -5.82882e-13 -1.2585e-29 7.10303e-13 -1.09042e-37 1.24402e-22 7.65921e-37
2.304 -5.84484e-13 -4.90003e-29 7.15596e-13 1.38231e-35 1.28598e-22 1.23202e-35
2.3045 -5.85917e-13 -3.81115e-29 7.21177e-13 1.24644e-35 1.33328e-22 -5.94089e-36
2.305 -5.87153e-13 -1.77881e-29 7.2709e-13 6.33801e-36 1.38693e-22 2.6688e-35
2.3055 -5.88165e-13 1.07835e-29 7.33394e-13 4.47119e-36 1.4482e-22 -2.40431e-35
2.306 -5.88916e-13 -3.12114e-29 7.4016e-13 -2.3088e-35 1.5187e-22 8.37447e-36
2.3065 -5.89367e-13 -6.16316e-30 7.4748e-13 1.90535e-35 1.60047e-22 -4.82398e-37
2.307 -5.89468e-13 -5.12268e-29 7.55472e-13 1.34813e-35 1.69612e-22 -1.0733e-35
2.3075 -5.89161e-13 3.55139e-30 7.64289e-13 1.16153e-35 1.8091e-22 -1.13474e-35
2.308 -5.88379e-13 -6.84441e-30 7.74134e-13 2.02902e-35 1.94393e-22 2.66327e-35
2.3085 -5.8704e-13 8.70315e-31 7.85276e-13 8.37598e-36 2.10669e-22 -1.01104e-35
2.309 -5.85046e-13 -3.14559e-29 7.98084e-13 1.84251e-36 2.30569e-22 -2.09726e-35
2.3095 -5.82284e-13 -5.16325e-31 8.13067e-13 -1.42948e-35 2.55244e-22 1.15604e-36
2.31 -5.7862e-13 -4.94994e-29 8.30943e-13 -1.27435e-35 2.86323e-22 -9.68127e-36
2.3105 -5.73911e-13 1.3365e-30 8.52745e-13 3.20712e-35 3.26157e-22 -1.17852e-35
2.311 -5.68013e-13 -1.66845e-29 8.79988e-13 -5.88647e-36 3.78208e-22 -2.90318e-35
2.3115 -5.60834e-13 -1.16645e-29 9.14944e-13 1.66169e-35 4.47688e-22 -1.95149e-36
2.312 -5.52438e-13 3.70818e-29 9.61075e-13 -7.69549e-36 5.42569e-22 -2.2446e-35
2.3125 -5.43322e-13 6.03396e-29 1.02369e-12 6.3102e-36 6.75147e-22 1.66189e-35
2.313 -5.35052e-13 4.9486e-29 1.11076e-12 -2.36816e-35 8.64042e-22 3.62251e-35
2.3135 -5.31705e-13 3.58441e-29 1.23319e-12 -2.7335e-35 1.13506e-21 2.78174e-35
2.314 -5.42589e-13 -8.78813e-29 1.40125e-12 -1.50216e-36 1.51345e-21 -4.58111e-37
2.3145 -5.84787e-13 1.72073e-28 1.60753e-12 4.13668e-35 1.98516e-21 5.14144e-36
2.315 -6.75035e-13 7.79491e-29 1.7895e-12 2.83826e-35 2.40932e-21 -5.43014e-36
2.3155 -7.9799e-13 -1.02797e-28 1.83189e-12 -1.40542e-35 2.51807e-21 2.12523e-35
2.316 -8.99334e-13 -1.04498e-28 1.70122e-12 5.37028e-35 2.22485e-21 -1.76172e-35
2.3165 -9.48644e-13 -2.02227e-28 1.49928e-12 -2.62192e-35 1.75849e-21 2.06458e-35
2.317 -9.59078e-13 -6.39263e-29 1.31924e-12 4.84822e-35 1.33561e-21 -3.36762e-36
2.3175 -9.51596e-13 2.1894e-29 1.18671e-12 5.08012e-36 1.01878e-21 3.82045e-35
2.318 -9.38472e-13 -8.0332e-29 1.09511e-12 9.39158e-36 7.95046e-22 -2.89111e-36
2.3185 -9.24946e-13 5.25224e-30 1.03258e-12 -3.81338e-36 6.38015e-22 2.6815e-35
2.319 -9.12851e-13 9.28222e-29 9.89629e-13 4.02549e-36 5.26224e-22 1.0356e-35
2.3195 -9.02638e-13 5.78729e-28 9.59839e-13 -8.80424e-36 4.44962e-22 -4.49361e-36
2.32 -8.94246e-13 -3.61851e-28 9.39017e-13 2.56061e-35 3.84583e-22 -1.56375e-36
2.3205 -8.87459e-13 -2.28974e-28 9.24437e-13 -5.47981e-35 3.38779e-22 -1.77918e-35
2.321 -8.82033e-13 -1.9422e-28 9.14297e-13 -2.88465e-35 3.03367e-22 5.96575e-36
2.3215 -8.77741e-13 -1.40744e-28 9.07388e-13 7.40877e-36 2.75523e-22 -6.08143e-36
2.322 -8.74393e-13 -1.52924e-28 9.02874e-13 -2.12735e-35 2.533e-22 -3.75808e-36
2.3225 -8.71827e-13 -9.13804e-29 9.00172e-13 1.34902e-35 2.35327e-22 -2.85846e-35
2.323 -8.69911e-13 -1.07238e-28 8.98864e-13 -2.85129e-35 2.20622e-22 -1.73302e-35
2.3235 -8.68537e-13 -1.4948e-28 8.98645e-13 -2.3435e-35 2.08466e-22 -1.86812e-35
2.324 -8.67616e-13 -1.85127e-28 8.99287e-13 9.19006e-36 1.98327e-22 1.23403e-35
2.3245 -8.67074e-13 -7.61658e-29 9.00622e-13 -5.34632e-35 1.89803e-22 2.07741e-36
2.325 -8.66849e-13 -1.58421e-28 9.02518e-13 -4.15897e-35 1.82586e-22 9.75237e-36
2.3255 -8.66891e-13 -1.47643e-28 9.04875e-13 -4.56549e-36 1.76438e-22 -1.4565e-35
2.326 -8.67154e-13 -1.35933e-28 9.07614e-13 2.21993e-35 1.71172e-22 -2.15854e-35
2.3265 -8.67604e-13 -1.58592e-28 9.10671e-13 2.7649e-35 1.66641e-22 -7.50058e-37
2.327 -8.68207e-13 -1.5492e-28 9.13995e-13 3.68004e-35 1.62727e-22 1.12476e-35
2.3275 -8.68938e-13 -1.09693e-28 9.17547e-13 -2.06457e-35 1.59334e-22 -1.73917e-35
2.328 -8.69773e-13 -1.29518e-28 9.21292e-13 -1.85016e-36 1.56383e-22 -8.7842e-36
2.3285 -8.70691e-13 -1.16064e-28 9.25202e-13 -3.99226e-36 1.53812e-22 -3.07668e-35
2.329 -8.71673e-13 -1.40894e-28 9.29254e-13 6.96123e-36 1.51568e-22 -2.83771e-36
2.3295 -8.72705e-13 -1.20174e-28 9.33428e-13 3.6584e-35 1.49605e-22 -5.27318e-36
2.33 -8.73772e-13 -1.00823e-28 9.37707e-13 2.03959e-35 1.47888e-22 3.28442e-35
2.3305 -8.74862e-13 -9.30422e-29 9.42077e-13 -4.37171e-36 1.46385e-22 -1.34123e-35
2.331 -8.75962e-13 -1.40298e-28 9.46525e-13 1.51202e-35 1.45069e-22 3.37073e-36
2.3315 -8.77064e-13 -1.00309e-28 9.5104e-13 1.40257e-35 1.43919e-22 2.3911e-35
2.332 -8.78157e-13 -9.70852e-29 9.55612e-13 3.90552e-36 1.42914e-22 1.23662e-35
2.3325 -8.79233e-13 -1.41982e-28 9.60233e-13 -2.66034e-35 1.42038e-22 -7.29896e-36
2.333 -8.80284e-13 -1.33124e-28 9.64895e-13 1.29174e-35 1.41276e-22 3.96169e-35
2.3335 -8.81303e-13 -1.33389e-28 9.6959e-13 2.96316e-35 1.40617e-22 2.13059e-35
2.334 -8.82284e-13 -9.65731e-29 9.74313e-13 2.94069e-36 1.40048e-22 -6.37037e-36
2.3345 -8.83221e-13 -1.25739e-28 9.79057e-13 -4.37733e-35 1.39561e-22 2.51876e-35
2.335 -8.84108e-13 -1.08219e-28 9.83817e-13 3.92407e-37 1.39146e-22 -9.2621e-36
2.3355 -8.8494e-13 -9.76471e-29 9.88587e-13 -3.64173e-35 1.38796e-22 -2.63515e-35
2.336 -8.85711e-13 -5.35487e-29 9.93363e-13 8.18293e-37 1.38505e-22 2.05381e-35
2.3365 -8.86419e-13 -9.87608e-29 9.98141e-13 1.97253e-35 1.38267e-22 2.73139e-35
2.337 -8.87058e-13 -1.14743e-28 1.00292e-12 5.85109e-36 1.38076e-22 -9.86214e-36
2.3375 -8.87624e-13 -7.85137e-29 1.00768e-12 1.05567e-36 1.37928e-22 -3.93656e-35
2.338 -8.88115e-13 -1.02219e-28 1.01244e-12 1.17661e-35 1.37818e-22 -2.17647e-36
2.3385 -8.88526e-13 -1.27094e-28 1.01718e-12 -7.90362e-37 1.37743e-22 5.29731e-36
2.339 -8.88854e-13 -1.42075e-28 1.0219e-12 -1.0601e-36 1.37699e-22 6.06625e-35
2.3395 -8.89098e-13 -1.30227e-28 1.02661e-12 -1.18403e-35 1.37682e-22 -2.28891e-36
2.34 -8.89253e-13 -1.06896e-28 1.03128e-12 4.60932e-36 1.37691e-22 -1.57728e-35
2.3405 -8.89317e-13 -1.18036e-28 1.03593e-12 1.34838e-35 1.37723e-22 -5.14713e-35
2.341 -8.89289e-13 -4.17777e-29 1.04055e-12 -7.91072e-36 1.37775e-22 7.67682e-36
2.3415 -8.89166e-13 -1.28759e-28 1.04513e-12 -1.22151e-35 1.37845e-22 -7.04061e-36
2.342 -8.88946e-13 -1.14193e-28 1.04967e-12 1.47574e-35 1.37931e-22 3.33509e-35
2.3425 -8.88627e-13 -1.8151e-28 1.05418e-12 -5.07626e-36 1.38031e-22 3.15027e-36
2.343 -8.88209e-13 -1.15073e-28 1.05864e-12 -2.52999e-35 1.38145e-22 -2.35534e-37
2.3435 -8.87689e-13 -9.66825e-29 1.06305e-12 2.19663e-35 1.38269e-22 6.28885e-36
2.344 -8.87066e-13 -1.56665e-28 1.06742e-12 -9.59101e-36 1.38404e-22 1.56628e-36
2.3445 -8.86339e-13 -3.85024e-29 1.07174e-12 1.65653e-35 1.38547e-22 -1.72721e-35
2.345 -8.85508e-13 -9.47798e-29 1.076e-12 1.27855e-36 1.38698e-22 -1.88366e-35
2.3455 -8.84572e-13 -1.55509e-28 1.08021e-12 4.45156e-35 1.38856e-22 -1.2259e-35
2.346 -8.83529e-13 -4.72969e-29 1.08435e-12 -1.99448e-35 1.3902e-22 -2.30724e-35
2.3465 -8.8238e-13 -9.99465e-29 1.08844e-12 3.62949e-35 1.39188e-22 6.38893e-37
2.347 -8.81125e-13 -1.38814e-28 1.09247e-12 -1.84575e-35 1.39362e-22 4.28974e-35
2.3475 -8.79762e-13 -1.40952e-28 1.09643e-12 -1.0777e-35 1.39539e-22 3.79873e-35
2.348 -8.78293e-13 -1.35628e-28 1.10032e-12 -5.4018e-36 1.3972e-22 6.68205e-37
2.3485 -8.76717e-13 -1.81238e-28 1.10415e-12 -2.90645e-35 1.39905e-22 -3.61894e-35
2.349 -8.75034e-13 -1.21989e-28 1.10791e-12 1.48747e-35 1.40094e-22 4.48696e-35
2.3495 -8.73245e-13 -1.01066e-28 1.11159e-12 3.2058e-35 1.40286e-22 -4.0712e-35
2.35 -8.71351e-13 -2.04771e-28 1.11521e-12 -1.95024e-35 1.40484e-22 -8.34217e-36
2.3505 -8.69351e-13 -4.97204e-29 1.11875e-12 -9.40787e-36 1.40687e-22 1.13412e-35
2.351 -8.67246e-13 -1.44962e-28 1.12221e-12 3.1719e-35 1.40898e-22 1.4665e-35
2.3515 -8.65038e-13 -1.35369e-28 1.1256e-12 -7.03272e-36 1.41118e-22 5.16655e-35
2.352 -8.62727e-13 -2.35729e-28 1.12891e-12 1.1719e-35 1.41353e-22 2.76162e-35
2.3525 -8.60312e-13 -9.89074e-29 1.13215e-12 8.21732e-37 1.41606e-22 -9.60121e-36
2.353 -8.57796e-13 -1.77572e-28 1.13531e-12 -1.21475e-36 1.41886e-22 1.85052e-35
2.3535 -8.55178e-13 -1.49064e-28 1.1384e-12 9.01964e-36 1.42206e-22 7.25658e-36
2.354 -8.52458e-13 -2.10995e-28 1.14141e-12 1.15511e-35 1.42584e-22 4.89645e-36
2.3545 -8.49636e-13 -3.64986e-28 1.14437e-12 -3.67969e-35 1.4305e-22 -4.34131e-36
2.355 -8.4671e-13 -4.82814e-28 1.14726e-12 -2.05587e-35 1.43657e-22 4.78746e-35
2.3555 -8.43677e-13 -4.34158e-28 1.15013e-12 -4.64833e-35 1.44496e-22 -1.47218e-35
2.356 -8.40531e-13 -1.52752e-28 1.15299e-12 2.92998e-35 1.45744e-22 3.79048e-35
2.3565 -8.37263e-13 5.34582e-27 1.15593e-12 8.74101e-36 1.47767e-22 3.83863e-35
2.357 -8.3386e-13 9.58646e-28 1.15913e-12 -2.41704e-35 1.51417e-22 1.76956e-35
2.3575 -8.30327e-13 2.35571e-28 1.16305e-12 3.30648e-35 1.58904e-22 -1.44522e-35
2.358 -8.26834e-13 2.64543e-28 1.16892e-12 -1.6597e-35 1.76122e-22 2.21776e-35
2.3585 -8.24474e-13 1.66088e-28 1.17751e-12 -1.43712e-35 2.07121e-22 6.48925e-35
2.359 -8.23302e-13 2.32058e-28 1.17831e-12 4.9226e-36 2.01603e-22 3.64008e-35
2.3595 -8.19985e-13 1.09409e-28 1.17412e-12 4.62669e-36 1.72128e-22 2.15637e-35
2.36 -8.15943e-13 4.4482e-29 1.17302e-12 2.52644e-36 1.57633e-22 1.98408e-35
2.3605 -8.11905e-13 1.42332e-28 1.17353e-12 5.03865e-36 1.51259e-22 -1.1023e-35
2.361 -8.07909e-13 6.86558e-29 1.17462e-12 1.07875e-35 1.48107e-22 -3.24e-36
2.3615 -8.03926e-13 7.81672e-29 1.17591e-12 -4.58127e-36 1.46362e-22 4.84881e-35
2.362 -7.99933e-13 1.26019e-29 1.17727e-12 -2.93076e-35 1.45304e-22 4.3642e-35
2.3625 -7.95918e-13 -4.05392e-29 1.17862e-12 -9.79072e-36 1.44616e-22 -2.50457e-35
2.363 -7.91876e-13 -5.50651e-29 1.17992e-12 2.61414e-36 1.44141e-22 -3.25709e-35
2.3635 -7.87804e-13 8.42276e-30 1.18118e-12 2.01552e-35 1.43797e-22 2.52606e-35
2.364 -7.837e-13 -7.69444e-30 1.18237e-12 -3.48371e-36 1.43535e-22 6.33069e-35
2.3645 -7.79565e-13 2.11545e-30 1.18349e-12 5.54622e-36 1.43328e-22 -6.41242e-36
2.365 -7.754e-13 -3.27354e-29 1.18454e-12 6.29702e-36 1.43158e-22 -2.67467e-35
2.3655 -7.71208e-13 -1.26092e-29 1.18551e-12 4.69626e-36 1.43012e-22 5.13328e-35
2.366 -7.6699e-13 -5.80041e-29 1.18642e-12 6.48542e-36 1.42883e-22 1.98239e-35
2.3665 -7.62749e-13 1.43653e-29 1.18725e-12 -4.13849e-37 1.42765e-22 2.00204e-35
2.367 -7.58487e-13 -6.57059e-29 1.18801e-12 2.61279e-36 1.42655e-22 8.5054e-36
2.3675 -7.54208e-13 -1.91707e-29 1.1887e-12 4.82877e-36 1.4255e-22 -5.70742e-35
2.368 -7.49913e-13 -1.49377e-29 1.18932e-12 -8.79384e-36 1.42447e-22 -6.97039e-35
2.3685 -7.45607e-13 -4.82999e-29 1.18987e-12 3.59886e-36 1.42346e-22 -2.40622e-36
2.369 -7.41291e-13 -3.65645e-29 1.19035e-12 1.27986e-35 1.42245e-22 2.71181e-35
2.3695 -7.36968e-13 -4.42585e-29 1.19077e-12 5.90617e-36 1.42144e-22 2.83283e-35
2.37 -7.32642e-13 -1.4407e-29 1.19112e-12 4.55505e-36 1.42041e-22 -1.543e-35
2.3705 -7.28316e-13 -6.25397e-29 1.19141e-12 5.93147e-36 1.41937e-22 -4.44666e-35
2.371 -7.23992e-13 -6.93676e-30 1.19163e-12 5.3965e-36 1.41831e-22 6.19667e-35
2.3715 -7.19673e-13 6.88132e-30 1.1918e-12 7.56481e-36 1.41724e-22 -1.51736e-35
2.372 -7.15362e-13 -3.42673e-29 1.19191e-12 4.57248e-36 1.41614e-22 1.18687e-36
2.3725 -7.11062e-13 -1.60819e-29 1.19197e-12 3.31291e-36 1.41503e-22 -1.91474e-35
2.373 -7.06776e-13 9.72116e-30 1.19197e-12 -2.57095e-36 1.41389e-22 -8.01638e-36
2.3735 -7.02506e-13 8.25538e-30 1.19192e-12 2.71335e-35 1.41273e-22 -2.38805e-35
2.374 -6.98255e-13 -7.54483e-29 1.19182e-12 -1.79447e-36 1.41155e-22 -6.63103e-35
2.3745 -6.94026e-13 -1.14271e-28 1.19167e-12 -2.50888e-36 1.41036e-22 -2.6642e-35
2.375 -6.89822e-13 -2.79412e-29 1.19147e-12 7.66297e-36 1.40914e-22 2.6026e-35
2.3755 -6.85645e-13 -4.92335e-29 1.19123e-12 -1.16851e-35 1.40791e-22 -1.89384e-35
2.376 -6.81498e-13 -3.9073e-29 1.19095e-12 -2.53558e-35 1.40667e-22 3.7741e-35
2.3765 -6.77382e-13 -2.69836e-29 1.19063e-12 5.84406e-36 1.40542e-22 9.57732e-36
2.377 -6.73302e-13 -9.76551e-29 1.19027e-12 8.20046e-36 1.40415e-22 -3.18554e-35
2.3775 -6.69258e-13 -5.13002e-29 1.18987e-12 2.92006e-35 1.40288e-22 4.52569e-36
2.378 -6.65253e-13 -6.62096e-29 1.18944e-12 -5.96394e-37 1.4016e-22 3.04622e-35
2.3785 -6.6129e-13 -4.25037e-30 1.18898e-12 6.56643e-36 1.40031e-22 2.53805e-35
2.379 -6.5737e-13 -5.23541e-29 1.18848e-12 9.39083e-36 1.39902e-22 3.14853e-35
2.3795 -6.53496e-13 -9.0161e-29 1.18796e-12 -9.05248e-36 1.39773e-22 -3.43193e-35
2.38 -6.49671e-13 -3.49445e-29 1.18741e-12 1.29721e-35 1.39645e-22 8.62559e-37
2.3805 -6.45895e-13 -5.72668e-29 1.18684e-12 -1.79289e-35 1.39516e-22 1.62603e-36
2.381 -6.42171e-13 -7.99115e-29 1.18625e-12 -5.60381e-36 1.39389e-22 1.38492e-36
2.3815 -6.38501e-13 -2.64771e-29 1.18564e-12 -1.01878e-35 1.39262e-22 -1.5285e-35
2.382 -6.34886e-13 6.2087e-28 1.18501e-12 2.12598e-35 1.39136e-22 2.96178e-35
2.3825 -6.31329e-13 -2.18809e-29 1.18436e-12 -3.457e-37 1.39012e-22 -3.99446e-35
2.383 -6.27831e-13 -7.14508e-29 1.1837e-12 1.61755e-35 1.38889e-22 3.68041e-35
2.3835 -6.24394e-13 -6.73689e-30 1.18303e-12 1.55373e-35 1.38768e-22 -1.38279e-35
2.384 -6.2102e-13 -2.3209e-29 1.18234e-12 -2.67778e-35 1.38649e-22 -4.32316e-35
2.3845 -6.17709e-13 -1.56708e-29 1.18165e-12 -2.15619e-37 1.38532e-22 -4.3854e-35
2.385 -6.14464e-13 -4.59223e-29 1.18095e-12 -6.15083e-36 1.38417e-22 -2.27081e-35
2.3855 -6.11286e-13 -1.15299e-28 1.18025e-12 -7.33413e-36 1.38305e-22 1.32461e-35
2.386 -6.08176e-13 -4.15659e-29 1.17955e-12 8.39483e-36 1.38196e-22 -9.52949e-36
2.3865 -6.05136e-13 -6.26559e-29 1.17884e-12 1.64594e-36 1.38091e-22 -2.23964e-35
2.387 -6.02167e-13 -1.36965e-28 1.17814e-12 1.30148e-35 1.37988e-22 -8.23754e-35
2.3875 -5.9927e-13 -2.00926e-29 1.17744e-12 -9.6944e-37 1.37889e-22 -6.79434e-35
2.388 -5.96447e-13 -8.01393e-29 1.17674e-12 -1.4734e-36 1.37794e-22 -4.0856e-35
2.3885 -5.93697e-13 -3.78394e-29 1.17605e-12 -2.15101e-35 1.37703e-22 -4.47558e-35
2.389 -5.91024e-13 -7.6623e-29 1.17537e-12 1.99099e-35 1.37616e-22 -1.14122e-35
2.3895 -5.88427e-13 -7.13609e-29 1.1747e-12 -1.97787e-35 1.37534e-22 -2.12004e-36
2.39 -5.85907e-13 -6.77815e-29 1.17404e-12 8.559e-37 1.37456e-22 -6.00999e-35
2.3905 -5.83467e-13 -3.69316e-29 1.17339e-12 -2.26119e-35 1.37384e-22 6.17322e-35
2.391 -5.81105e-13 -3.93714e-29 1.17276e-12 3.50702e-35 1.37316e-22 -4.69501e-36
2.3915 -5.78823e-13 -5.05738e-29 1.17214e-12 -2.77497e-35 1.37254e-22 1.47625e-36
2.392 -5.76623e-13 -7.36169e-29 1.17154e-12 3.1784e-35 1.37198e-22 -8.05592e-35
2.3925 -5.74504e-13 -5.11773e-29 1.17097e-12 5.31501e-36 1.37147e-22 -4.47202e-35
2.393 -5.72468e-13 5.75507e-30 1.17041e-12 -3.07488e-35 1.37103e-22 -2.93064e-35
2.3935 -5.70515e-13 -4.83868e-29 1.16988e-12 1.46546e-35 1.37064e-22 -1.07715e-37
2.394 -5.68645e-13 3.21638e-29 1.16937e-12 -3.05885e-35 1.37033e-22 -5.79784e-35
2.3945 -5.6686e-13 -1.03391e-28 1.16888e-12 1.81343e-36 1.37008e-22 7.38666e-37
2.395 -5.6516e-13 -4.22763e-29 1.16843e-12 -2.87079e-35 1.3699e-22 9.91335e-36
2.3955 -5.63545e-13 -5.3e-29 1.168e-12 -2.17003e-35 1.36979e-22 -1.12051e-37
2.396 -5.62016e-13 -2.40291e-29 1.1676e-12 6.85768e-36 1.36976e-22 -7.29945e-36
2.3965 -5.60573e-13 -4.78163e-29 1.16723e-12 -2.37121e-35 1.36981e-22 1.15382e-35
2.397 -5.59217e-13 -4.86187e-29 1.1669e-12 6.73666e-35 1.36993e-22 -3.31773e-35
2.3975 -5.57948e-13 -1.03037e-28 1.1666e-12 5.03873e-35 1.37014e-22 4.00864e-35
2.398 -5.56766e-13 2.70345e-29 1.16634e-12 5.39812e-35 1.37043e-22 -2.90109e-36
2.3985 -5.55672e-13 -1.3187e-29 1.16611e-12 1.33889e-35 1.37082e-22 5.37525e-36
2.399 -5.54665e-13 -5.18392e-29 1.16592e-12 1.42587e-35 1.37129e-22 -2.22697e-35
2.3995 -5.53747e-13 -1.66439e-29 1.16577e-12 1.55511e-35 1.37185e-22 2.56863e-35
2.4 -5.52918e-13 -5.45009e-29 1.16566e-12 4.20169e-35 1.37252e-22 4.21611e-35
2.4005 -5.52177e-13 -2.79166e-29 1.1656e-12 1.7948e-35 1.37328e-22 -2.49259e-35
2.401 -5.51524e-13 -7.22314e-29 1.16557e-12 -2.21358e-36 1.37414e-22 -5.37991e-35
2.4015 -5.5096e-13 -6.46439e-29 1.16559e-12 1.8264e-35 1.37511e-22 -6.48415e-36
2.402 -5.50485e-13 -1.50845e-29 1.16566e-12 7.51801e-36 1.37619e-22 -1.38458e-35
2.4025 -5.50099e-13 -3.71433e-29 1.16577e-12 5.33446e-35 1.37739e-22 -2.06077e-35
2.403 -5.49802e-13 -8.10077e-29 1.16594e-12 3.88085e-36 1.3787e-22 -3.06455e-35
2.4035 -5.49593e-13 -6.49568e-29 1.16615e-12 -1.31611e-35 1.38013e-22 7.37159e-36
2.404 -5.49473e-13 -3.12913e-29 1.16641e-12 4.66779e-35 1.38169e-22 -1.46173e-35
2.4045 -5.49442e-13 -4.92933e-29 1.16672e-12 -4.12123e-35 1.38337e-22 5.78422e-36
2.405 -5.495e-13 -1.00234e-28 1.16709e-12 1.42882e-35 1.3852e-22 -3.7993e-35
2.4055 -5.49645e-13 -1.08248e-28 1.16751e-12 -2.49485e-36 1.38716e-22 -3.5738e-36
2.406 -5.49879e-13 -4.84074e-28 1.16798e-12 6.79003e-36 1.38926e-22 -4.92184e-35
2.4065 -5.502e-13 2.98013e-29 1.16852e-12 -1.25167e-35 1.39152e-22 -4.6024e-35
2.407 -5.50609e-13 -2.99665e-29 1.1691e-12 -1.76977e-35 1.39394e-22 1.53254e-35
2.4075 -5.51105e-13 -4.7748e-29 1.16975e-12 4.34277e-35 1.39652e-22 2.61461e-36
2.408 -5.51688e-13 -5.25301e-29 1.17046e-12 3.96589e-35 1.39927e-22 2.84763e-35
2.4085 -5.52357e-13 -3.82337e-29 1.17123e-12 -1.39871e-36 1.4022e-22 -2.52236e-35
2.409 -5.53111e-13 -5.12317e-29 1.17206e-12 1.48335e-36 1.40532e-22 3.93024e-36
2.4095 -5.53951e-13 7.25447e-30 1.17295e-12 -3.75852e-35 1.40864e-22 -6.22195e-36
2.41 -5.54875e-13 -7.01415e-29 1.17391e-12 3.36103e-35 1.41217e-22 -5.83851e-36
2.4105 -5.55883e-13 1.22546e-29 1.17493e-12 1.42613e-35 1.41592e-22 -3.43967e-35
2.411 -5.56973e-13 -3.9801e-29 1.17602e-12 8.12034e-36 1.4199e-22 1.60447e-35
2.4115 -5.58145e-13 -2.67629e-29 1.17718e-12 3.18251e-37 1.42413e-22 1.71307e-35
2.412 -5.59398e-13 -2.54421e-29 1.17841e-12 -7.25091e-36 1.42863e-22 -8.26414e-36
2.4125 -5.60731e-13 -6.60993e-29 1.17971e-12 7.46038e-36 1.43341e-22 5.89572e-35
2.413 -5.62142e-13 -7.65775e-29 1.18108e-12 -5.7865e-35 1.4385e-22 3.92958e-35
2.4135 -5.6363e-13 -5.62355e-29 1.18253e-12 -3.24852e-35 1.44391e-22 4.16049e-35
2.414 -5.65194e-13 -8.2168e-29 1.18405e-12 -4.39897e-35 1.44967e-22 7.1051e-36
2.4145 -5.6683e-13 -7.24175e-29 1.18565e-12 -5.7028e-36 1.45582e-22 8.64828e-36
2.415 -5.68539e-13 -7.67754e-29 1.18733e-12 5.33951e-35 1.46238e-22 1.62171e-35
2.4155 -5.70316e-13 -4.17247e-29 1.18909e-12 3.78672e-35 1.4694e-22 -4.464e-35
2.416 -5.72161e-13 -2.07358e-29 1.19093e-12 -1.09287e-35 1.47691e-22 4.31413e-35
2.4165 -5.74069e-13 -9.98419e-29 1.19286e-12 6.23768e-35 1.48498e-22 4.33826e-35
2.417 -5.76039e-13 -3.95999e-29 1.19488e-12 -2.31061e-36 1.49366e-22 2.06534e-35
2.4175 -5.78065e-13 -6.86258e-29 1.19698e-12 3.69598e-35 1.50302e-22 -4.70613e-37
2.418 -5.80145e-13 -7.135e-29 1.19918e-12 2.55906e-36 1.51315e-22 4.70047e-35
2.4185 -5.82273e-13 -7.49484e-29 1.20148e-12 2.15339e-37 1.52413e-22 3.62676e-35
2.419 -5.84444e-13 -1.12581e-28 1.20389e-12 2.92324e-35 1.5361e-22 -2.55347e-35
2.4195 -5.86653e-13 -5.26323e-29 1.2064e-12 -2.3803e-35 1.54919e-22 -4.08946e-35
2.42 -5.88891e-13 -8.61851e-29 1.20902e-12 1.96802e-35 1.56356e-22 -4.75293e-35
2.4205 -5.91152e-13 -8.83593e-29 1.21176e-12 -2.96046e-35 1.57942e-22 -2.14816e-35
2.421 -5.93425e-13 -7.38468e-29 1.21463e-12 -1.08634e-35 1.59703e-22 4.19328e-36
2.4215 -5.95699e-13 -6.80734e-29 1.21764e-12 2.23904e-35 1.61669e-22 9.77395e-36
2.422 -5.97962e-13 -1.24521e-28 1.22079e-12 -3.8246e-35 1.63878e-22 5.13128e-36
2.4225 -6.00197e-13 -6.04773e-29 1.22412e-12 1.71308e-35 1.6638e-22 3.31973e-35
2.423 -6.02387e-13 -1.20822e-28 1.22762e-12 2.32969e-35 1.69236e-22 -2.94455e-35
2.4235 -6.04508e-13 -1.48239e-28 1.23134e-12 4.06969e-35 1.72526e-22 -1.98878e-35
2.424 -6.06533e-13 -1.531e-28 1.23529e-12 2.05126e-36 1.76353e-22 -3.22014e-35
2.4245 -6.08429e-13 -4.95754e-29 1.23953e-12 -4.25527e-35 1.80856e-22 5.50724e-35
2.425 -6.10155e-13 -1.18107e-28 1.24411e-12 -1.93182e-35 1.86219e-22 2.74439e-35
2.4255 -6.11657e-13 -6.64849e-29 1.24909e-12 2.02215e-35 1.92696e-22 2.07521e-35
2.426 -6.12871e-13 -8.75586e-29 1.2546e-12 6.5329e-35 2.00643e-22 1.15093e-35
2.4265 -6.13712e-13 -1.32863e-28 1.26078e-12 1.54278e-35 2.10565e-22 -1.43765e-35
2.427 -6.1407e-13 -1.26288e-28 1.26784e-12 -3.39568e-35 2.23206e-22 -3.67504e-35
2.4275 -6.13805e-13 -5.59644e-29 1.27613e-12 -7.82631e-36 2.39687e-22 -1.14014e-35
2.428 -6.12732e-13 -1.33264e-28 1.28614e-12 2.27046e-35 2.61752e-22 -5.31053e-35
2.4285 -6.10616e-13 -1.62102e-28 1.29872e-12 2.38475e-35 2.92228e-22 -1.76977e-35
2.429 -6.07173e-13 -1.74788e-28 1.31524e-12 1.33209e-35 3.35872e-22 -1.22305e-35
2.4295 -6.02124e-13 -7.52156e-29 1.33813e-12 1.90424e-36 4.01054e-22 -2.1488e-35
2.43 -5.95447e-13 -9.15729e-29 1.37184e-12 7.78393e-36 5.03096e-22 3.80144e-36
2.4305 -5.88297e-13 -1.57782e-28 1.42452e-12 -3.22978e-35 6.70433e-22 -8.12224e-37
2.431 -5.86221e-13 -1.07649e-28 1.50983e-12 7.21527e-36 9.51128e-22 1.68246e-36
2.4315 -6.07576e-13 -1.97508e-28 1.63819e-12 4.52518e-35 1.38398e-21 1.39048e-35
2.432 -6.83605e-13 -1.27842e-28 1.75942e-12 7.868e-37 1.80006e-21 2.80412e-35
2.4325 -7.88754e-13 3.16294e-29 1.73931e-12 3.3515e-35 1.73132e-21 -1.71128e-35
2.433 -8.4292e-13 -1.56688e-30 1.61101e-12 2.59438e-35 1.28037e-21 4.91422e-36
2.4335 -8.50497e-13 5.44244e-29 1.5017e-12 -4.54671e-35 8.87908e-22 4.88349e-35
2.434 -8.43345e-13 1.56568e-29 1.43548e-12 -5.76752e-35 6.4201e-22 5.19644e-36
2.4345 -8.34757e-13 1.44424e-31 1.39791e-12 1.50964e-35 4.94741e-22 7.24016e-36
2.435 -8.28028e-13 -2.12266e-29 1.37662e-12 2.54248e-36 4.03843e-22 2.27743e-35
2.4355 -8.23526e-13 -5.58755e-29 1.36463e-12 -1.96561e-35 3.45175e-22 3.50845e-35
2.436 -8.20945e-13 -3.48443e-29 1.35817e-12 1.27583e-35 3.0566e-22 2.01076e-36
2.4365 -8.19902e-13 4.22569e-29 1.35515e-12 3.03721e-35 2.7805e-22 8.13522e-35
2.437 -8.2007e-13 -4.58218e-29 1.35438e-12 2.53244e-35 2.5816e-22 3.1006e-35
2.4375 -8.21196e-13 6.26285e-29 1.35514e-12 3.00294e-37 2.43468e-22 2.17426e-35
2.438 -8.23086e-13 -1.2635e-28 1.35698e-12 -7.29587e-35 2.32392e-22 1.24321e-35
2.4385 -8.25595e-13 3.30367e-29 1.35961e-12 5.03311e-35 2.23907e-22 5.29525e-35
2.439 -8.28611e-13 -4.30532e-29 1.36284e-12 -3.06752e-35 2.17322e-22 -5.92024e-35
2.4395 -8.32048e-13 -9.8666e-29 1.36652e-12 -9.1017e-36 2.12163e-22 2.4519e-35
2.44 -8.35841e-13 -2.82124e-29 1.37056e-12 8.07976e-35 2.08095e-22 -3.06674e-35
2.4405 -8.39934e-13 -1.03511e-29 1.3749e-12 1.47773e-35 2.04876e-22 2.99958e-35
2.441 -8.44286e-13 -4.49338e-29 1.37948e-12 2.86508e-35 2.02328e-22 1.26749e-35
2.4415 -8.48862e-13 -6.82688e-30 1.38426e-12 -4.45437e-36 2.00317e-22 -2.28788e-35
2.442 -8.53633e-13 -1.08779e-28 1.38921e-12 2.19419e-35 1.98743e-22 3.25289e-35
2.4425 -8.58576e-13 -4.28761e-29 1.39432e-12 1.136e-35 1.97526e-22 -9.71389e-36
2.443 -8.6367e-13 -4.71467e-29 1.39955e-12 -2.75803e-35 1.96606e-22 -1.49247e-35
2.4435 -8.68899e-13 -2.45147e-29 1.40491e-12 -2.6308e-35 1.95934e-22 2.53e-35
2.444 -8.74246e-13 -8.69956e-29 1.41036e-12 9.06566e-36 1.95473e-22 9.02688e-35
2.4445 -8.79699e-13 -9.25426e-29 1.41591e-12 2.30349e-35 1.9519e-22 2.29772e-35
2.445 -8.85247e-13 -4.0148e-29 1.42155e-12 -1.48084e-36 1.9506e-22 3.28219e-36
2.4455 -8.90878e-13 -1.81373e-29 1.42726e-12 -1.0295e-34 1.95063e-22 -4.23068e-36
2.446 -8.96584e-13 -6.14307e-29 1.43305e-12 5.24162e-35 1.95182e-22 -3.82348e-35
2.4465 -9.02355e-13 -4.26572e-29 1.43889e-12 6.40348e-35 1.95401e-22 -1.8359e-35
2.447 -9.08183e-13 -5.7687e-29 1.4448e-12 1.78583e-37 1.95708e-22 7.15094e-36
2.4475 -9.1406e-13 -4.89917e-29 1.45076e-12 6.19852e-36 1.96094e-22 8.55378e-36
2.448 -9.1998e-13 -4.10747e-29 1.45677e-12 -1.88836e-35 1.9655e-22 8.99439e-35
2.4485 -9.25934e-13 1.52174e-29 1.46282e-12 8.62913e-36 1.97067e-22 2.12859e-35
2.449 -9.31917e-13 -4.5205e-29 1.46892e-12 7.07572e-35 1.97641e-22 2.81678e-35
2.4495 -9.37922e-13 -4.90174e-29 1.47504e-12 -6.99732e-36 1.98264e-22 -3.62437e-35
2.45 -9.43941e-13 -1.05824e-28 1.4812e-12 1.76789e-35 1.98931e-22 -1.35448e-35
2.4505 -9.4997e-13 -1.0283e-28 1.48739e-12 -3.29669e-35 1.9964e-22 -3.3106e-35
2.451 -9.56001e-13 -1.94999e-29 1.4936e-12 -3.02761e-35 2.00385e-22 -6.82085e-36
2.4515 -9.62028e-13 -4.63504e-29 1.49983e-12 -2.96779e-35 2.01163e-22 -3.53033e-36
2.452 -9.68045e-13 -1.1309e-28 1.50607e-12 -2.66816e-35 2.01971e-22 3.02926e-35
2.4525 -9.74046e-13 -1.25096e-28 1.51232e-12 3.13278e-35 2.02806e-22 -4.43059e-35
2.453 -9.80024e-13 -8.59599e-29 1.51858e-12 7.47946e-35 2.03666e-22 -7.31583e-36
2.4535 -9.85974e-13 -4.19227e-29 1.52484e-12 4.06468e-36 2.04548e-22 -8.70293e-36
2.454 -9.91889e-13 1.54712e-29 1.5311e-12 -1.83873e-35 2.05449e-22 6.82356e-35
2.4545 -9.97763e-13 -7.53788e-29 1.53735e-12 -1.43868e-36 2.06369e-22 -3.52909e-35
2.455 -1.00359e-12 3.12781e-29 1.54358e-12 2.39319e-35 2.07305e-22 9.25e-35
2.4555 -1.00936e-12 -4.01423e-29 1.5498e-12 -2.67053e-35 2.08255e-22 -5.3348e-35
2.456 -1.01508e-12 -6.90239e-29 1.556e-12 3.16067e-35 2.09218e-22 1.2993e-35
2.4565 -1.02072e-12 -8.30768e-29 1.56217e-12 3.68541e-35 2.10191e-22 -1.71449e-35
2.457 -1.0263e-12 -1.31471e-28 1.5683e-12 5.219e-35 2.11174e-22 3.23356e-35
2.4575 -1.03179e-12 -9.12398e-29 1.5744e-12 -4.67506e-35 2.12165e-22 3.52798e-35
2.458 -1.0372e-12 -7.97285e-29 1.58046e-12 -1.22443e-35 2.13162e-22 2.46914e-35
2.4585 -1.04252e-12 -6.61001e-29 1.58647e-12 2.46718e-35 2.14165e-22 1.05921e-35
2.459 -1.04774e-12 -2.53474e-29 1.59243e-12 1.04181e-35 2.15171e-22 -3.79209e-36
2.4595 -1.05286e-12 -9.62365e-29 1.59832e-12 3.42446e-35 2.1618e-22 1.7266e-35
2.46 -1.05786e-12 -4.13599e-29 1.60416e-12 -2.16377e-35 2.1719e-22 -1.09862e-35
2.4605 -1.06275e-12 -4.4077e-29 1.60992e-12 -1.0709e-35 2.182e-22 5.6988e-35
2.461 -1.06752e-12 -4.12918e-29 1.61561e-12 5.61299e-35 2.1921e-22 1.11161e-35
2.4615 -1.07215e-12 -6.33965e-29 1.62122e-12 -3.42667e-35 2.20217e-22 -1.68245e-35
2.462 -1.07666e-12 -1.32067e-28 1.62674e-12 -2.9977e-35 2.21221e-22 3.03217e-35
2.4625 -1.08102e-12 -8.67575e-29 1.63217e-12 -1.26733e-36 2.22221e-22 1.52787e-35
2.463 -1.08523e-12 -8.98446e-29 1.63751e-12 -3.06024e-35 2.23215e-22 1.52731e-35
2.4635 -1.08929e-12 -1.24889e-28 1.64274e-12 4.55794e-35 2.24203e-22 3.53855e-36
2.464 -1.09319e-12 -1.16799e-28 1.64786e-12 -4.97225e-35 2.25184e-22 5.92967e-35
2.4645 -1.09693e-12 -7.64178e-29 1.65287e-12 -4.74298e-36 2.26157e-22 -2.75302e-35
2.465 -1.10049e-12 -1.29838e-28 1.65776e-12 -3.61222e-35 2.27122e-22 -3.36608e-36
2.4655 -1.10388e-12 -6.72495e-29 1.66252e-12 3.47169e-35 2.28077e-22 1.123e-35
2.466 -1.10709e-12 -6.83995e-29 1.66715e-12 -5.67805e-35 2.29023e-22 -1.02918e-34
2.4665 -1.11012e-12 -8.4402e-29 1.67165e-12 -8.47088e-36 2.29959e-22 5.24123e-35
2.467 -1.11295e-12 -2.40771e-29 1.67601e-12 -1.45801e-35 2.30885e-22 1.54227e-35
2.4675 -1.11559e-12 -7.21149e-29 1.68022e-12 -3.91672e-35 2.31803e-22 -5.35343e-36
2.468 -1.11802e-12 -3.05693e-29 1.68429e-12 -1.85553e-35 2.32713e-22 1.87511e-35
2.4685 -1.12025e-12 -9.99411e-29 1.68819e-12 1.50903e-35 2.33618e-22 4.75024e-35
2.469 -1.12227e-12 -8.9328e-29 1.69194e-12 3.40733e-35 2.34523e-22 4.34965e-35
2.4695 -1.12407e-12 -1.04461e-28 1.69553e-12 -1.97395e-36 2.35434e-22 -2.65186e-35
2.47 -1.12566e-12 -1.13035e-28 1.69896e-12 -2.31644e-36 2.36363e-22 -1.42535e-35
2.4705 -1.12702e-12 -6.94623e-29 1.70222e-12 -8.33156e-35 2.37332e-22 2.16866e-35
2.471 -1.12814e-12 -6.65743e-29 1.70531e-12 -2.09592e-35 2.3838e-22 3.97747e-35
2.4715 -1.12903e-12 -7.13711e-29 1.70825e-12 -2.89236e-35 2.39583e-22 5.50355e-35
2.472 -1.12965e-12 -2.95468e-29 1.71106e-12 -4.84708e-35 2.41111e-22 7.63343e-36
2.4725 -1.13e-12 -3.39299e-29 1.71379e-12 3.00114e-35 2.43382e-22 -1.9339e-35
2.473 -1.13004e-12 -1.4188e-28 1.71661e-12 -1.25209e-36 2.47656e-22 4.57554e-35
2.4735 -1.12974e-12 -1.13034e-28 1.72019e-12 4.87173e-35 2.58669e-22 -4.85648e-35
2.474 -1.12997e-12 -6.29261e-29 1.72655e-12 -3.66198e-36 2.90864e-22 -4.36968e-35
2.4745 -1.13211e-12 -1.14425e-28 1.72721e-12 3.64706e-35 2.84553e-22 1.13441e-35
2.475 -1.13134e-12 -5.79923e-29 1.72487e-12 1.04546e-35 2.57805e-22 -2.16769e-35
2.4755 -1.13006e-12 -2.71606e-29 1.72499e-12 4.10126e-35 2.49772e-22 -3.04586e-35
2.476 -1.12871e-12 -1.93167e-29 1.72565e-12 2.48447e-35 2.47115e-22 -1.40413e-35
2.4765 -1.12721e-12 -8.31664e-29 1.72635e-12 -5.37426e-35 2.46127e-22 -6.74234e-35
2.477 -1.12553e-12 8.00916e-30 1.72693e-12 2.20111e-35 2.4578e-22 7.70202e-35
2.4775 -1.12366e-12 -1.60981e-29 1.72734e-12 -6.15257e-35 2.45716e-22 -4.26777e-35
2.478 -1.12158e-12 -2.94226e-29 1.72757e-12 3.47071e-35 2.45787e-22 -9.27582e-35
2.4785 -1.11928e-12 -8.45926e-29 1.72761e-12 -1.82399e-35 2.45921e-22 -5.02404e-35
2.479 -1.11677e-12 -6.37253e-29 1.72744e-12 -1.31623e-35 2.46083e-22 -8.50736e-35
2.4795 -1.11405e-12 -9.63479e-29 1.72707e-12 -8.17699e-36 2.46252e-22 -4.17423e-35
2.48 -1.11111e-12 -4.46295e-29 1.72649e-12 1.35275e-35 2.46416e-22 1.27007e-34
2.4805 -1.10796e-12 -3.72414e-29 1.72571e-12 1.52317e-35 2.46567e-22 -9.93509e-35
2.481 -1.1046e-12 -1.14106e-29 1.72473e-12 -4.50983e-35 2.46699e-22 2.46247e-35
2.4815 -1.10104e-12 -8.28376e-29 1.72354e-12 3.37224e-35 2.46811e-22 1.38505e-34
2.482 -1.09727e-12 -1.32482e-28 1.72216e-12 -3.53054e-35 2.46899e-22 -2.4104e-35
2.4825 -1.0933e-12 -5.08409e-29 1.72057e-12 5.66541e-37 2.46962e-22 -4.24797e-35
2.483 -1.08914e-12 -6.57565e-29 1.71879e-12 -8.7099e-38 2.46999e-22 9.21468e-37
2.4835 -1.08479e-12 -5.39659e-29 1.71682e-12 1.21458e-35 2.4701e-22 7.21187e-35
2.484 -1.08026e-12 -4.89612e-29 1.71465e-12 -1.02655e-35 2.46993e-22 -9.72655e-35
2.4845 -1.07554e-12 -3.57575e-29 1.7123e-12 -2.73308e-36 2.46949e-22 3.55522e-35
2.485 -1.07065e-12 -9.11432e-29 1.70976e-12 4.1944e-35 2.46877e-22 -6.09005e-35
2.4855 -1.06559e-12 -6.15847e-29 1.70704e-12 1.59168e-35 2.46778e-22 -9.83165e-35
2.486 -1.06037e-12 -1.24672e-28 1.70414e-12 4.15558e-36 2.46652e-22 -4.97284e-35
2.4865 -1.05498e-12 4.17748e-29 1.70107e-12 -1.15446e-35 2.465e-22 -7.02901e-35
2.487 -1.04945e-12 -6.5841e-29 1.69783e-12 -1.84293e-35 2.4632e-22 -1.575e-35
2.4875 -1.04377e-12 -1.38958e-29 1.69443e-12 1.8523e-35 2.46114e-22 -2.37065e-35
2.488 -1.03794e-12 8.7173e-30 1.69086e-12 1.64813e-35 2.45882e-22 -2.56956e-35
2.4885 -1.03199e-12 -1.64865e-29 1.68714e-12 8.41256e-36 2.45625e-22 -2.7164e-35
2.489 -1.0259e-12 -2.00959e-29 1.68327e-12 1.19913e-35 2.45343e-22 -6.09617e-35
2.4895 -1.0197e-12 -3.62637e-29 1.67925e-12 6.2734e-36 2.45037e-22 -1.14977e-35
2.49 -1.01338e-12 -6.28327e-29 1.67509e-12 9.4431e-36 2.44707e-22 2.17378e-35
2.4905 -1.00695e-12 2.45458e-29 1.6708e-12 2.88238e-35 2.44354e-22 -2.70701e-35
2.491 -1.00042e-12 -2.24471e-29 1.66637e-12 -2.98881e-35 2.43978e-22 5.89395e-36
2.4915 -9.93795e-13 -8.43509e-29 1.66182e-12 2.0758e-35 2.43581e-22 7.4594e-35
2.492 -9.87081e-13 -4.31892e-29 1.65715e-12 4.44935e-36 2.43162e-22 3.8626e-35
2.4925 -9.80284e-13 1.09167e-29 1.65237e-12 2.44558e-35 2.42723e-22 2.16143e-35
2.493 -9.73412e-13 -8.65086e-29 1.64747e-12 -7.1068e-36 2.42264e-22 -2.75185e-35
2.4935 -9.66471e-13 -5.90587e-29 1.64248e-12 -1.62413e-35 2.41787e-22 5.72933e-36
2.494 -9.59467e-13 -5.39864e-29 1.63738e-12 5.58701e-36 2.4129e-22 5.34057e-35
2.4945 -9.52407e-13 -4.89223e-29 1.63219e-12 7.42894e-36 2.40777e-22 1.52678e-35
2.495 -9.45297e-13 -9.76797e-29 1.62692e-12 -1.37362e-35 2.40247e-22 -2.28563e-35
2.4955 -9.38143e-13 -4.82577e-29 1.62156e-12 -1.87664e-35 2.397e-22 -5.89087e-35
2.496 -9.30951e-13 -1.05141e-28 1.61613e-12 7.65417e-36 2.39139e-22 -2.43891e-35
2.4965 -9.23728e-13 -3.13865e-29 1.61063e-12 -1.38545e-35 2.38563e-22 4.86683e-36
2.497 -9.1648e-13 -6.45707e-31 1.60506e-12 4.77e-35 2.37973e-22 6.10472e-35
2.4975 -9.09212e-13 -7.13298e-29 1.59944e-12 1.39369e-36 2.37371e-22 -1.71834e-35
2.498 -9.01929e-13 -8.78002e-29 1.59376e-12 1.07465e-35 2.36756e-22 2.63368e-37
2.4985 -8.94639e-13 -7.69024e-29 1.58803e-12 -1.71724e-35 2.3613e-22 8.13203e-35
2.499 -8.87346e-13 -5.29361e-29 1.58225e-12 3.27414e-35 2.35494e-22 -5.07e-35
2.4995 -8.80055e-13 -5.24849e-29 1.57644e-12 6.56011e-36 2.34847e-22 1.14698e-34
